1, 1 pre: 1, 1
2, 1 pre: 1, 1
3, 1 pre: 2, 1
4, 1 pre: 3, 1
4, 2 pre: 4, 1
3, 2 pre: 4, 2
4, 3 pre: 4, 2
5, 3 pre: 4, 3
4, 4 pre: 4, 3
6, 3 pre: 5, 3
5, 2 pre: 5, 3
5, 4 pre: 5, 3
3, 4 pre: 4, 4
6, 4 pre: 6, 3
5, 1 pre: 5, 2
5, 5 pre: 5, 4
2, 4 pre: 3, 4
3, 3 pre: 3, 4
7, 4 pre: 6, 4
6, 1 pre: 5, 1
4, 5 pre: 5, 5
1, 4 pre: 2, 4
8, 4 pre: 7, 4
7, 3 pre: 7, 4
7, 5 pre: 7, 4
6, 2 pre: 6, 1
3, 5 pre: 4, 5
1, 3 pre: 1, 4
1, 5 pre: 1, 4
9, 4 pre: 8, 4
8, 3 pre: 8, 4
2, 5 pre: 3, 5
3, 6 pre: 3, 5
2, 3 pre: 1, 3
9, 3 pre: 9, 4
9, 5 pre: 9, 4
2, 6 pre: 2, 5
4, 6 pre: 3, 6
2, 2 pre: 2, 3
10, 3 pre: 9, 3
8, 5 pre: 9, 5
1, 6 pre: 2, 6
1, 2 pre: 2, 2
11, 3 pre: 10, 3
10, 2 pre: 10, 3
12, 3 pre: 11, 3
11, 4 pre: 11, 3
9, 2 pre: 10, 2
11, 2 pre: 10, 2
10, 4 pre: 11, 4
12, 4 pre: 11, 4
9, 1 pre: 9, 2
12, 2 pre: 11, 2
11, 1 pre: 11, 2
13, 4 pre: 12, 4
12, 5 pre: 12, 4
8, 1 pre: 9, 1
13, 2 pre: 12, 2
12, 1 pre: 12, 2
10, 1 pre: 11, 1
14, 4 pre: 13, 4
13, 5 pre: 13, 4
11, 5 pre: 12, 5
12, 6 pre: 12, 5
7, 1 pre: 8, 1
13, 1 pre: 13, 2
10, 5 pre: 11, 5
12, 7 pre: 12, 6
7, 2 pre: 7, 1
14, 1 pre: 13, 1
10, 6 pre: 10, 5
12, 8 pre: 12, 7
8, 2 pre: 7, 2
14, 2 pre: 14, 1
9, 6 pre: 10, 6
11, 6 pre: 10, 6
10, 7 pre: 10, 6
11, 8 pre: 12, 8
13, 8 pre: 12, 8
15, 2 pre: 14, 2
14, 3 pre: 14, 2
11, 7 pre: 11, 6
10, 8 pre: 10, 7
11, 9 pre: 11, 8
13, 7 pre: 13, 8
13, 3 pre: 14, 3
15, 3 pre: 14, 3
9, 8 pre: 10, 8
10, 9 pre: 10, 8
12, 9 pre: 11, 9
9, 7 pre: 9, 8
13, 9 pre: 12, 9
14, 9 pre: 13, 9
15, 9 pre: 14, 9
14, 10 pre: 14, 9
16, 9 pre: 15, 9
13, 10 pre: 14, 10
14, 11 pre: 14, 10
16, 8 pre: 16, 9
16, 10 pre: 16, 9
12, 10 pre: 13, 10
15, 8 pre: 16, 8
16, 7 pre: 16, 8
17, 10 pre: 16, 10
16, 11 pre: 16, 10
15, 7 pre: 16, 7
17, 9 pre: 17, 10
15, 11 pre: 16, 11
16, 12 pre: 16, 11
14, 7 pre: 15, 7
18, 9 pre: 17, 9
17, 8 pre: 17, 9
15, 10 pre: 15, 11
14, 6 pre: 14, 7
14, 8 pre: 14, 7
19, 9 pre: 18, 9
18, 10 pre: 18, 9
17, 7 pre: 17, 8
13, 6 pre: 14, 6
14, 5 pre: 14, 6
20, 9 pre: 19, 9
19, 8 pre: 19, 9
18, 11 pre: 18, 10
15, 5 pre: 14, 5
20, 8 pre: 20, 9
18, 8 pre: 19, 8
19, 7 pre: 19, 8
17, 11 pre: 18, 11
19, 11 pre: 18, 11
16, 5 pre: 15, 5
15, 4 pre: 15, 5
15, 6 pre: 15, 5
18, 7 pre: 18, 8
19, 6 pre: 19, 7
17, 12 pre: 17, 11
19, 10 pre: 19, 11
16, 6 pre: 15, 6
18, 6 pre: 18, 7
20, 6 pre: 19, 6
17, 13 pre: 17, 12
20, 10 pre: 19, 10
17, 6 pre: 18, 6
20, 7 pre: 20, 6
16, 13 pre: 17, 13
21, 10 pre: 20, 10
20, 11 pre: 20, 10
17, 5 pre: 17, 6
21, 7 pre: 20, 7
15, 13 pre: 16, 13
22, 10 pre: 21, 10
21, 11 pre: 20, 11
18, 5 pre: 17, 5
22, 7 pre: 21, 7
21, 6 pre: 21, 7
15, 12 pre: 15, 13
22, 11 pre: 21, 11
22, 6 pre: 22, 7
22, 8 pre: 22, 7
21, 5 pre: 21, 6
23, 11 pre: 22, 11
22, 12 pre: 22, 11
23, 6 pre: 22, 6
21, 8 pre: 22, 8
20, 5 pre: 21, 5
21, 4 pre: 21, 5
24, 11 pre: 23, 11
23, 12 pre: 23, 11
21, 12 pre: 22, 12
24, 6 pre: 23, 6
23, 7 pre: 23, 6
21, 9 pre: 21, 8
19, 5 pre: 20, 5
22, 4 pre: 21, 4
21, 3 pre: 21, 4
24, 10 pre: 24, 11
24, 12 pre: 24, 11
20, 12 pre: 21, 12
23, 8 pre: 23, 7
20, 3 pre: 21, 3
22, 3 pre: 21, 3
21, 2 pre: 21, 3
23, 10 pre: 24, 10
24, 9 pre: 24, 10
19, 12 pre: 20, 12
20, 13 pre: 20, 12
24, 8 pre: 23, 8
19, 3 pre: 20, 3
20, 2 pre: 20, 3
20, 4 pre: 20, 3
23, 3 pre: 22, 3
22, 2 pre: 21, 2
21, 1 pre: 21, 2
23, 9 pre: 24, 9
18, 12 pre: 19, 12
19, 13 pre: 19, 12
21, 13 pre: 20, 13
24, 7 pre: 24, 8
18, 3 pre: 19, 3
19, 4 pre: 19, 3
24, 3 pre: 23, 3
23, 2 pre: 23, 3
23, 4 pre: 23, 3
22, 1 pre: 22, 2
22, 9 pre: 23, 9
18, 13 pre: 18, 12
19, 14 pre: 19, 13
21, 14 pre: 21, 13
25, 7 pre: 24, 7
18, 2 pre: 18, 3
18, 4 pre: 19, 4
25, 3 pre: 24, 3
24, 4 pre: 24, 3
23, 5 pre: 23, 4
23, 1 pre: 22, 1
20, 14 pre: 19, 14
19, 15 pre: 19, 14
25, 6 pre: 25, 7
25, 8 pre: 25, 7
17, 2 pre: 18, 2
19, 2 pre: 18, 2
17, 4 pre: 18, 4
25, 2 pre: 25, 3
22, 5 pre: 23, 5
24, 5 pre: 23, 5
24, 1 pre: 23, 1
18, 15 pre: 19, 15
20, 15 pre: 19, 15
25, 9 pre: 25, 8
17, 1 pre: 17, 2
17, 3 pre: 17, 2
19, 1 pre: 19, 2
25, 1 pre: 25, 2
25, 5 pre: 24, 5
24, 2 pre: 24, 1
18, 14 pre: 18, 15
21, 15 pre: 20, 15
25, 10 pre: 25, 9
18, 1 pre: 17, 1
16, 3 pre: 17, 3
20, 1 pre: 19, 1
25, 4 pre: 25, 5
21, 16 pre: 21, 15
16, 2 pre: 16, 3
16, 4 pre: 16, 3
21, 17 pre: 21, 16
16, 1 pre: 16, 2
20, 17 pre: 21, 17
21, 18 pre: 21, 17
15, 1 pre: 16, 1
20, 18 pre: 20, 17
21, 19 pre: 21, 18
19, 18 pre: 20, 18
22, 19 pre: 21, 19
22, 18 pre: 22, 19
22, 20 pre: 22, 19
22, 17 pre: 22, 18
21, 20 pre: 22, 20
23, 20 pre: 22, 20
23, 17 pre: 22, 17
21, 21 pre: 21, 20
24, 20 pre: 23, 20
23, 19 pre: 23, 20
23, 21 pre: 23, 20
24, 17 pre: 23, 17
23, 16 pre: 23, 17
25, 20 pre: 24, 20
24, 21 pre: 23, 21
25, 17 pre: 24, 17
24, 18 pre: 24, 17
22, 16 pre: 23, 16
24, 16 pre: 23, 16
24, 22 pre: 24, 21
23, 18 pre: 24, 18
25, 18 pre: 24, 18
24, 19 pre: 24, 18
22, 15 pre: 22, 16
23, 22 pre: 24, 22
25, 19 pre: 24, 19
22, 14 pre: 22, 15
22, 22 pre: 23, 22
23, 14 pre: 22, 14
22, 13 pre: 22, 14
21, 22 pre: 22, 22
22, 21 pre: 22, 22
22, 23 pre: 22, 22
24, 14 pre: 23, 14
23, 13 pre: 23, 14
23, 15 pre: 23, 14
21, 23 pre: 22, 23
23, 23 pre: 22, 23
25, 14 pre: 24, 14
24, 15 pre: 24, 14
24, 13 pre: 23, 13
24, 23 pre: 23, 23
25, 13 pre: 25, 14
25, 15 pre: 25, 14
24, 24 pre: 24, 23
25, 12 pre: 25, 13
25, 16 pre: 25, 15
23, 24 pre: 24, 24
25, 24 pre: 24, 24
25, 11 pre: 25, 12
22, 24 pre: 23, 24
25, 23 pre: 25, 24
25, 25 pre: 25, 24
21, 24 pre: 22, 24
25, 22 pre: 25, 23
24, 25 pre: 25, 25
20, 24 pre: 21, 24
21, 25 pre: 21, 24
25, 21 pre: 25, 22
23, 25 pre: 24, 25
24, 26 pre: 24, 25
19, 24 pre: 20, 24
20, 23 pre: 20, 24
20, 25 pre: 20, 24
22, 25 pre: 23, 25
18, 24 pre: 19, 24
20, 22 pre: 20, 23
19, 25 pre: 20, 25
20, 26 pre: 20, 25
20, 21 pre: 20, 22
18, 25 pre: 19, 25
19, 26 pre: 19, 25
19, 21 pre: 20, 21
20, 20 pre: 20, 21
18, 26 pre: 19, 26
20, 19 pre: 20, 20
17, 26 pre: 18, 26
16, 26 pre: 17, 26
17, 25 pre: 17, 26
17, 27 pre: 17, 26
15, 26 pre: 16, 26
16, 25 pre: 17, 25
17, 24 pre: 17, 25
18, 27 pre: 17, 27
17, 28 pre: 17, 27
14, 26 pre: 15, 26
15, 27 pre: 15, 26
16, 24 pre: 16, 25
17, 23 pre: 17, 24
17, 29 pre: 17, 28
13, 26 pre: 14, 26
14, 27 pre: 15, 27
16, 27 pre: 15, 27
16, 23 pre: 17, 23
17, 22 pre: 17, 23
16, 29 pre: 17, 29
17, 30 pre: 17, 29
12, 26 pre: 13, 26
13, 25 pre: 13, 26
13, 27 pre: 14, 27
15, 23 pre: 16, 23
16, 22 pre: 16, 23
18, 22 pre: 17, 22
17, 21 pre: 17, 22
15, 29 pre: 16, 29
16, 28 pre: 16, 29
16, 30 pre: 16, 29
18, 30 pre: 17, 30
13, 24 pre: 13, 25
15, 22 pre: 16, 22
16, 21 pre: 16, 22
19, 22 pre: 18, 22
18, 21 pre: 17, 21
15, 28 pre: 15, 29
15, 30 pre: 15, 29
16, 31 pre: 16, 30
19, 30 pre: 18, 30
12, 24 pre: 13, 24
14, 24 pre: 13, 24
13, 23 pre: 13, 24
15, 21 pre: 15, 22
19, 23 pre: 19, 22
14, 28 pre: 15, 28
15, 31 pre: 16, 31
17, 31 pre: 16, 31
16, 32 pre: 16, 31
19, 29 pre: 19, 30
19, 31 pre: 19, 30
12, 25 pre: 12, 24
15, 24 pre: 14, 24
13, 22 pre: 13, 23
14, 21 pre: 15, 21
15, 20 pre: 15, 21
18, 23 pre: 19, 23
13, 28 pre: 14, 28
14, 29 pre: 14, 28
17, 32 pre: 17, 31
18, 29 pre: 19, 29
19, 28 pre: 19, 29
19, 32 pre: 19, 31
15, 25 pre: 15, 24
13, 21 pre: 14, 21
14, 20 pre: 14, 21
14, 22 pre: 14, 21
15, 19 pre: 15, 20
12, 28 pre: 13, 28
13, 29 pre: 14, 29
14, 30 pre: 14, 29
18, 28 pre: 19, 28
20, 32 pre: 19, 32
14, 25 pre: 15, 25
12, 21 pre: 13, 21
13, 20 pre: 14, 20
14, 23 pre: 14, 22
16, 19 pre: 15, 19
12, 29 pre: 12, 28
14, 31 pre: 14, 30
21, 32 pre: 20, 32
20, 31 pre: 20, 32
11, 21 pre: 12, 21
12, 20 pre: 12, 21
13, 19 pre: 13, 20
16, 20 pre: 16, 19
12, 30 pre: 12, 29
14, 32 pre: 14, 31
22, 32 pre: 21, 32
21, 31 pre: 21, 32
21, 33 pre: 21, 32
11, 20 pre: 12, 20
12, 19 pre: 13, 19
14, 19 pre: 13, 19
17, 20 pre: 16, 20
13, 30 pre: 12, 30
12, 31 pre: 12, 30
13, 32 pre: 14, 32
14, 33 pre: 14, 32
22, 31 pre: 21, 31
20, 33 pre: 21, 33
10, 20 pre: 11, 20
17, 19 pre: 17, 20
13, 31 pre: 13, 30
11, 31 pre: 12, 31
12, 32 pre: 12, 31
14, 34 pre: 14, 33
23, 31 pre: 22, 31
19, 33 pre: 20, 33
10, 19 pre: 10, 20
10, 21 pre: 10, 20
18, 19 pre: 17, 19
10, 31 pre: 11, 31
11, 30 pre: 11, 31
11, 32 pre: 11, 31
15, 34 pre: 14, 34
24, 31 pre: 23, 31
23, 30 pre: 23, 31
23, 32 pre: 23, 31
18, 33 pre: 19, 33
9, 19 pre: 10, 19
11, 19 pre: 10, 19
10, 18 pre: 10, 19
19, 19 pre: 18, 19
9, 31 pre: 10, 31
10, 30 pre: 10, 31
10, 32 pre: 11, 32
11, 33 pre: 11, 32
15, 35 pre: 15, 34
25, 31 pre: 24, 31
24, 32 pre: 24, 31
24, 30 pre: 23, 30
23, 33 pre: 23, 32
18, 32 pre: 18, 33
18, 34 pre: 18, 33
9, 18 pre: 9, 19
9, 20 pre: 9, 19
11, 18 pre: 10, 18
19, 20 pre: 19, 19
9, 30 pre: 9, 31
9, 32 pre: 9, 31
10, 29 pre: 10, 30
10, 33 pre: 11, 33
12, 33 pre: 11, 33
14, 35 pre: 15, 35
15, 36 pre: 15, 35
25, 30 pre: 25, 31
25, 32 pre: 25, 31
24, 33 pre: 24, 32
24, 29 pre: 24, 30
22, 33 pre: 23, 33
23, 34 pre: 23, 33
18, 31 pre: 18, 32
17, 34 pre: 18, 34
19, 34 pre: 18, 34
8, 18 pre: 9, 18
8, 20 pre: 9, 20
18, 20 pre: 19, 20
10, 28 pre: 10, 29
9, 33 pre: 10, 33
13, 33 pre: 12, 33
16, 36 pre: 15, 36
25, 33 pre: 24, 33
24, 34 pre: 24, 33
23, 29 pre: 24, 29
25, 29 pre: 24, 29
24, 28 pre: 24, 29
22, 34 pre: 22, 33
16, 34 pre: 17, 34
7, 18 pre: 8, 18
8, 19 pre: 8, 20
8, 21 pre: 8, 20
11, 28 pre: 10, 28
8, 33 pre: 9, 33
13, 34 pre: 13, 33
17, 36 pre: 16, 36
16, 35 pre: 16, 36
25, 34 pre: 24, 34
22, 29 pre: 23, 29
23, 28 pre: 23, 29
21, 34 pre: 22, 34
22, 35 pre: 22, 34
16, 33 pre: 16, 34
7, 17 pre: 7, 18
7, 21 pre: 8, 21
9, 21 pre: 8, 21
11, 27 pre: 11, 28
11, 29 pre: 11, 28
12, 34 pre: 13, 34
13, 35 pre: 13, 34
18, 36 pre: 17, 36
17, 37 pre: 17, 36
22, 28 pre: 22, 29
22, 30 pre: 22, 29
20, 34 pre: 21, 34
21, 35 pre: 22, 35
23, 35 pre: 22, 35
15, 33 pre: 16, 33
17, 33 pre: 16, 33
8, 17 pre: 7, 17
6, 21 pre: 7, 21
7, 20 pre: 7, 21
10, 27 pre: 11, 27
12, 27 pre: 11, 27
11, 26 pre: 11, 27
12, 35 pre: 13, 35
19, 36 pre: 18, 36
18, 35 pre: 18, 36
18, 37 pre: 17, 37
17, 38 pre: 17, 37
22, 27 pre: 22, 28
21, 30 pre: 22, 30
21, 36 pre: 21, 35
24, 35 pre: 23, 35
15, 32 pre: 15, 33
9, 17 pre: 8, 17
6, 20 pre: 7, 20
7, 19 pre: 7, 20
9, 27 pre: 10, 27
11, 25 pre: 11, 26
12, 36 pre: 12, 35
19, 35 pre: 19, 36
17, 35 pre: 18, 35
19, 37 pre: 18, 37
16, 38 pre: 17, 38
23, 27 pre: 22, 27
20, 30 pre: 21, 30
21, 29 pre: 21, 30
22, 36 pre: 21, 36
25, 35 pre: 24, 35
10, 17 pre: 9, 17
5, 20 pre: 6, 20
6, 19 pre: 6, 20
8, 27 pre: 9, 27
9, 28 pre: 9, 27
11, 36 pre: 12, 36
13, 36 pre: 12, 36
12, 37 pre: 12, 36
20, 35 pre: 19, 35
15, 38 pre: 16, 38
16, 37 pre: 16, 38
16, 39 pre: 16, 38
24, 27 pre: 23, 27
23, 26 pre: 23, 27
21, 28 pre: 21, 29
23, 36 pre: 22, 36
25, 36 pre: 25, 35
11, 17 pre: 10, 17
4, 20 pre: 5, 20
6, 18 pre: 6, 19
8, 26 pre: 8, 27
8, 28 pre: 9, 28
9, 29 pre: 9, 28
10, 36 pre: 11, 36
11, 35 pre: 11, 36
11, 37 pre: 12, 37
13, 37 pre: 12, 37
15, 37 pre: 15, 38
17, 39 pre: 16, 39
16, 40 pre: 16, 39
25, 27 pre: 24, 27
22, 26 pre: 23, 26
20, 28 pre: 21, 28
23, 37 pre: 23, 36
12, 17 pre: 11, 17
11, 16 pre: 11, 17
4, 19 pre: 4, 20
4, 21 pre: 4, 20
5, 18 pre: 6, 18
9, 26 pre: 8, 26
8, 25 pre: 8, 26
7, 28 pre: 8, 28
10, 35 pre: 10, 36
11, 38 pre: 11, 37
14, 37 pre: 13, 37
13, 38 pre: 13, 37
18, 39 pre: 17, 39
25, 26 pre: 25, 27
25, 28 pre: 25, 27
20, 27 pre: 20, 28
20, 29 pre: 20, 28
24, 37 pre: 23, 37
23, 38 pre: 23, 37
13, 17 pre: 12, 17
10, 16 pre: 11, 16
12, 16 pre: 11, 16
5, 19 pre: 4, 19
5, 21 pre: 4, 21
4, 22 pre: 4, 21
4, 18 pre: 5, 18
5, 17 pre: 5, 18
10, 26 pre: 9, 26
9, 25 pre: 9, 26
7, 25 pre: 8, 25
6, 28 pre: 7, 28
7, 29 pre: 7, 28
9, 35 pre: 10, 35
10, 34 pre: 10, 35
10, 38 pre: 11, 38
14, 36 pre: 14, 37
12, 38 pre: 13, 38
14, 38 pre: 13, 38
18, 38 pre: 18, 39
19, 27 pre: 20, 27
21, 27 pre: 20, 27
25, 37 pre: 24, 37
24, 36 pre: 24, 37
22, 38 pre: 23, 38
23, 39 pre: 23, 38
13, 16 pre: 13, 17
10, 15 pre: 10, 16
5, 22 pre: 4, 22
3, 18 pre: 4, 18
4, 17 pre: 4, 18
6, 17 pre: 5, 17
9, 24 pre: 9, 25
6, 25 pre: 7, 25
7, 26 pre: 7, 25
6, 27 pre: 6, 28
6, 29 pre: 6, 28
7, 30 pre: 7, 29
9, 34 pre: 9, 35
9, 36 pre: 9, 35
11, 34 pre: 10, 34
9, 38 pre: 10, 38
10, 39 pre: 10, 38
19, 38 pre: 18, 38
21, 26 pre: 21, 27
25, 38 pre: 25, 37
22, 37 pre: 22, 38
22, 39 pre: 23, 39
24, 39 pre: 23, 39
14, 16 pre: 13, 16
13, 15 pre: 13, 16
9, 15 pre: 10, 15
10, 14 pre: 10, 15
6, 22 pre: 5, 22
5, 23 pre: 5, 22
3, 19 pre: 3, 18
8, 24 pre: 9, 24
10, 24 pre: 9, 24
9, 23 pre: 9, 24
5, 27 pre: 6, 27
7, 27 pre: 6, 27
6, 30 pre: 6, 29
7, 31 pre: 7, 30
8, 34 pre: 9, 34
9, 37 pre: 9, 38
11, 39 pre: 10, 39
10, 40 pre: 10, 39
19, 39 pre: 19, 38
21, 37 pre: 22, 37
21, 39 pre: 22, 39
24, 38 pre: 24, 39
14, 17 pre: 14, 16
12, 15 pre: 13, 15
14, 15 pre: 13, 15
9, 16 pre: 9, 15
7, 22 pre: 6, 22
6, 23 pre: 5, 23
2, 19 pre: 3, 19
3, 20 pre: 3, 19
7, 24 pre: 8, 24
8, 23 pre: 8, 24
11, 24 pre: 10, 24
10, 25 pre: 10, 24
10, 23 pre: 9, 23
4, 27 pre: 5, 27
6, 31 pre: 7, 31
8, 31 pre: 7, 31
8, 35 pre: 8, 34
8, 37 pre: 9, 37
10, 37 pre: 9, 37
11, 40 pre: 11, 39
9, 40 pre: 10, 40
20, 39 pre: 19, 39
19, 40 pre: 19, 39
20, 37 pre: 21, 37
21, 38 pre: 21, 37
14, 18 pre: 14, 17
12, 14 pre: 12, 15
2, 18 pre: 2, 19
6, 24 pre: 7, 24
7, 23 pre: 7, 24
8, 22 pre: 8, 23
11, 23 pre: 11, 24
4, 28 pre: 4, 27
6, 32 pre: 6, 31
8, 30 pre: 8, 31
8, 36 pre: 8, 35
8, 38 pre: 8, 37
12, 40 pre: 11, 40
11, 41 pre: 11, 40
8, 40 pre: 9, 40
9, 41 pre: 9, 40
18, 40 pre: 19, 40
20, 36 pre: 20, 37
20, 38 pre: 21, 38
13, 18 pre: 14, 18
15, 18 pre: 14, 18
12, 13 pre: 12, 14
9, 22 pre: 8, 22
12, 23 pre: 11, 23
3, 28 pre: 4, 28
5, 32 pre: 6, 32
7, 32 pre: 6, 32
8, 29 pre: 8, 30
7, 40 pre: 8, 40
8, 41 pre: 9, 41
12, 18 pre: 13, 18
16, 18 pre: 15, 18
15, 17 pre: 15, 18
11, 13 pre: 12, 13
13, 13 pre: 12, 13
10, 22 pre: 9, 22
12, 22 pre: 12, 23
3, 29 pre: 3, 28
4, 32 pre: 5, 32
5, 31 pre: 5, 32
5, 33 pre: 5, 32
8, 32 pre: 7, 32
7, 33 pre: 7, 32
6, 40 pre: 7, 40
7, 41 pre: 8, 41
17, 18 pre: 16, 18
10, 13 pre: 11, 13
11, 14 pre: 11, 13
14, 13 pre: 13, 13
13, 12 pre: 13, 13
13, 14 pre: 13, 13
11, 22 pre: 12, 22
3, 30 pre: 3, 29
4, 31 pre: 4, 32
4, 33 pre: 4, 32
6, 33 pre: 7, 33
7, 34 pre: 7, 33
6, 39 pre: 6, 40
6, 41 pre: 6, 40
17, 17 pre: 17, 18
9, 13 pre: 10, 13
10, 12 pre: 10, 13
11, 15 pre: 11, 14
14, 14 pre: 14, 13
12, 12 pre: 13, 12
14, 12 pre: 13, 12
2, 30 pre: 3, 30
4, 30 pre: 4, 31
4, 34 pre: 4, 33
5, 39 pre: 6, 39
7, 39 pre: 6, 39
6, 42 pre: 6, 41
16, 17 pre: 17, 17
18, 17 pre: 17, 17
8, 13 pre: 9, 13
9, 14 pre: 9, 13
10, 11 pre: 10, 12
11, 12 pre: 12, 12
12, 11 pre: 12, 12
1, 30 pre: 2, 30
2, 29 pre: 2, 30
2, 31 pre: 2, 30
5, 30 pre: 4, 30
4, 29 pre: 4, 30
3, 34 pre: 4, 34
4, 35 pre: 4, 34
4, 39 pre: 5, 39
5, 40 pre: 5, 39
8, 39 pre: 7, 39
7, 38 pre: 7, 39
7, 42 pre: 6, 42
16, 16 pre: 16, 17
19, 17 pre: 18, 17
18, 18 pre: 18, 17
8, 12 pre: 8, 13
9, 11 pre: 10, 11
11, 11 pre: 10, 11
10, 10 pre: 10, 11
13, 11 pre: 12, 11
1, 29 pre: 2, 29
1, 31 pre: 2, 31
3, 31 pre: 2, 31
2, 32 pre: 2, 31
5, 29 pre: 4, 29
3, 33 pre: 3, 34
3, 35 pre: 3, 34
4, 36 pre: 4, 35
3, 39 pre: 4, 39
4, 38 pre: 4, 39
4, 40 pre: 5, 40
5, 41 pre: 5, 40
9, 39 pre: 8, 39
6, 38 pre: 7, 38
15, 16 pre: 16, 16
17, 16 pre: 16, 16
19, 16 pre: 19, 17
7, 12 pre: 8, 12
8, 11 pre: 9, 11
9, 12 pre: 9, 11
11, 10 pre: 11, 11
1, 28 pre: 1, 29
3, 32 pre: 3, 31
2, 33 pre: 2, 32
5, 28 pre: 5, 29
2, 35 pre: 3, 35
5, 36 pre: 4, 36
2, 39 pre: 3, 39
3, 40 pre: 3, 39
5, 42 pre: 5, 41
15, 15 pre: 15, 16
18, 16 pre: 19, 16
20, 16 pre: 19, 16
8, 10 pre: 8, 11
1, 27 pre: 1, 28
1, 33 pre: 2, 33
2, 34 pre: 2, 35
2, 36 pre: 2, 35
6, 36 pre: 5, 36
5, 35 pre: 5, 36
5, 37 pre: 5, 36
3, 41 pre: 3, 40
5, 43 pre: 5, 42
16, 15 pre: 15, 15
15, 14 pre: 15, 15
7, 10 pre: 8, 10
9, 10 pre: 8, 10
2, 27 pre: 1, 27
1, 26 pre: 1, 27
1, 32 pre: 1, 33
1, 34 pre: 2, 34
1, 36 pre: 2, 36
3, 36 pre: 2, 36
2, 37 pre: 2, 36
7, 36 pre: 6, 36
6, 37 pre: 6, 36
6, 35 pre: 5, 35
5, 34 pre: 5, 35
5, 38 pre: 5, 37
2, 41 pre: 3, 41
4, 41 pre: 3, 41
6, 43 pre: 5, 43
16, 14 pre: 16, 15
7, 9 pre: 7, 10
3, 27 pre: 2, 27
2, 28 pre: 2, 27
1, 35 pre: 1, 36
1, 37 pre: 1, 36
7, 37 pre: 7, 36
7, 35 pre: 6, 35
6, 34 pre: 6, 35
1, 41 pre: 2, 41
2, 40 pre: 2, 41
2, 42 pre: 2, 41
6, 44 pre: 6, 43
17, 14 pre: 16, 14
6, 9 pre: 7, 9
8, 9 pre: 7, 9
3, 26 pre: 3, 27
1, 40 pre: 1, 41
3, 42 pre: 2, 42
2, 43 pre: 2, 42
6, 45 pre: 6, 44
17, 15 pre: 17, 14
5, 9 pre: 6, 9
9, 9 pre: 8, 9
8, 8 pre: 8, 9
2, 26 pre: 3, 26
4, 26 pre: 3, 26
3, 25 pre: 3, 26
1, 39 pre: 1, 40
4, 42 pre: 3, 42
1, 43 pre: 2, 43
3, 43 pre: 2, 43
7, 45 pre: 6, 45
4, 9 pre: 5, 9
5, 10 pre: 5, 9
8, 7 pre: 8, 8
4, 25 pre: 3, 25
3, 24 pre: 3, 25
1, 38 pre: 1, 39
1, 42 pre: 1, 43
1, 44 pre: 1, 43
4, 43 pre: 3, 43
8, 45 pre: 7, 45
4, 8 pre: 4, 9
4, 10 pre: 5, 10
6, 10 pre: 5, 10
5, 11 pre: 5, 10
7, 7 pre: 8, 7
2, 24 pre: 3, 24
4, 24 pre: 3, 24
2, 38 pre: 1, 38
2, 44 pre: 1, 44
4, 44 pre: 4, 43
9, 45 pre: 8, 45
3, 8 pre: 4, 8
5, 8 pre: 4, 8
4, 11 pre: 4, 10
6, 11 pre: 6, 10
5, 12 pre: 5, 11
6, 7 pre: 7, 7
2, 23 pre: 2, 24
2, 25 pre: 2, 24
5, 24 pre: 4, 24
4, 23 pre: 4, 24
3, 38 pre: 2, 38
3, 44 pre: 4, 44
5, 44 pre: 4, 44
10, 45 pre: 9, 45
9, 44 pre: 9, 45
9, 46 pre: 9, 45
2, 8 pre: 3, 8
6, 8 pre: 5, 8
7, 11 pre: 6, 11
6, 12 pre: 6, 11
4, 12 pre: 5, 12
5, 13 pre: 5, 12
5, 7 pre: 6, 7
6, 6 pre: 6, 7
3, 23 pre: 2, 23
2, 22 pre: 2, 23
1, 25 pre: 2, 25
5, 25 pre: 5, 24
3, 37 pre: 3, 38
5, 45 pre: 5, 44
11, 45 pre: 10, 45
8, 44 pre: 9, 44
9, 43 pre: 9, 44
8, 46 pre: 9, 46
9, 47 pre: 9, 46
1, 8 pre: 2, 8
2, 9 pre: 2, 8
7, 8 pre: 6, 8
4, 13 pre: 4, 12
6, 13 pre: 5, 13
4, 7 pre: 5, 7
5, 6 pre: 6, 6
7, 6 pre: 6, 6
6, 5 pre: 6, 6
3, 22 pre: 3, 23
1, 22 pre: 2, 22
2, 21 pre: 2, 22
1, 24 pre: 1, 25
5, 26 pre: 5, 25
4, 37 pre: 3, 37
4, 45 pre: 5, 45
11, 44 pre: 11, 45
7, 44 pre: 8, 44
9, 42 pre: 9, 43
7, 46 pre: 8, 46
10, 47 pre: 9, 47
9, 48 pre: 9, 47
1, 7 pre: 1, 8
1, 9 pre: 1, 8
3, 9 pre: 2, 9
4, 14 pre: 4, 13
7, 13 pre: 6, 13
6, 14 pre: 6, 13
8, 6 pre: 7, 6
1, 21 pre: 1, 22
1, 23 pre: 1, 22
3, 21 pre: 2, 21
2, 20 pre: 2, 21
6, 26 pre: 5, 26
10, 44 pre: 11, 44
7, 43 pre: 7, 44
8, 42 pre: 9, 42
6, 46 pre: 7, 46
11, 47 pre: 10, 47
10, 46 pre: 10, 47
10, 48 pre: 10, 47
8, 48 pre: 9, 48
9, 49 pre: 9, 48
2, 7 pre: 1, 7
1, 10 pre: 1, 9
3, 10 pre: 3, 9
4, 15 pre: 4, 14
7, 14 pre: 7, 13
1, 20 pre: 1, 21
10, 43 pre: 10, 44
8, 43 pre: 8, 42
6, 47 pre: 6, 46
11, 46 pre: 10, 46
11, 48 pre: 10, 48
7, 48 pre: 8, 48
10, 49 pre: 9, 49
9, 50 pre: 9, 49
3, 7 pre: 2, 7
1, 11 pre: 1, 10
2, 10 pre: 3, 10
3, 11 pre: 3, 10
5, 15 pre: 4, 15
8, 14 pre: 7, 14
1, 19 pre: 1, 20
11, 43 pre: 10, 43
10, 42 pre: 10, 43
5, 47 pre: 6, 47
12, 46 pre: 11, 46
11, 49 pre: 11, 48
7, 47 pre: 7, 48
8, 50 pre: 9, 50
6, 15 pre: 5, 15
5, 14 pre: 5, 15
1, 18 pre: 1, 19
12, 43 pre: 11, 43
11, 42 pre: 10, 42
10, 41 pre: 10, 42
5, 46 pre: 5, 47
5, 48 pre: 5, 47
12, 47 pre: 12, 46
11, 50 pre: 11, 49
8, 47 pre: 7, 47
8, 49 pre: 8, 50
7, 15 pre: 6, 15
6, 16 pre: 6, 15
13, 43 pre: 12, 43
4, 46 pre: 5, 46
4, 48 pre: 5, 48
6, 48 pre: 5, 48
10, 50 pre: 11, 50
7, 49 pre: 8, 49
8, 15 pre: 7, 15
5, 16 pre: 6, 16
7, 16 pre: 6, 16
14, 43 pre: 13, 43
13, 42 pre: 13, 43
13, 44 pre: 13, 43
3, 46 pre: 4, 46
4, 47 pre: 4, 46
6, 49 pre: 6, 48
7, 50 pre: 7, 49
8, 16 pre: 8, 15
4, 16 pre: 5, 16
14, 42 pre: 14, 43
12, 42 pre: 13, 42
13, 41 pre: 13, 42
12, 44 pre: 13, 44
3, 45 pre: 3, 46
3, 47 pre: 4, 47
6, 50 pre: 7, 50
3, 16 pre: 4, 16
15, 42 pre: 14, 42
14, 41 pre: 14, 42
12, 41 pre: 13, 41
13, 40 pre: 13, 41
12, 45 pre: 12, 44
2, 45 pre: 3, 45
2, 47 pre: 3, 47
3, 48 pre: 3, 47
5, 50 pre: 6, 50
2, 16 pre: 3, 16
16, 42 pre: 15, 42
14, 40 pre: 14, 41
13, 39 pre: 13, 40
13, 45 pre: 12, 45
1, 45 pre: 2, 45
1, 47 pre: 2, 47
2, 46 pre: 2, 47
3, 49 pre: 3, 48
4, 50 pre: 5, 50
5, 49 pre: 5, 50
1, 16 pre: 2, 16
2, 15 pre: 2, 16
2, 17 pre: 2, 16
17, 42 pre: 16, 42
16, 41 pre: 16, 42
12, 39 pre: 13, 39
14, 39 pre: 13, 39
13, 46 pre: 13, 45
1, 46 pre: 2, 46
2, 49 pre: 3, 49
4, 49 pre: 3, 49
3, 50 pre: 3, 49
1, 15 pre: 1, 16
3, 15 pre: 2, 15
1, 17 pre: 2, 17
3, 17 pre: 2, 17
17, 41 pre: 16, 41
15, 39 pre: 14, 39
13, 47 pre: 13, 46
2, 48 pre: 2, 49
2, 50 pre: 2, 49
3, 14 pre: 3, 15
17, 40 pre: 17, 41
15, 40 pre: 15, 39
14, 47 pre: 13, 47
1, 50 pre: 2, 50
2, 14 pre: 3, 14
15, 41 pre: 15, 40
15, 47 pre: 14, 47
14, 46 pre: 14, 47
14, 48 pre: 14, 47
1, 49 pre: 1, 50
1, 14 pre: 2, 14
2, 13 pre: 2, 14
15, 46 pre: 15, 47
14, 45 pre: 14, 46
13, 48 pre: 14, 48
15, 48 pre: 14, 48
14, 49 pre: 14, 48
1, 48 pre: 1, 49
1, 13 pre: 2, 13
3, 13 pre: 2, 13
2, 12 pre: 2, 13
15, 45 pre: 15, 46
12, 48 pre: 13, 48
16, 48 pre: 15, 48
13, 49 pre: 14, 49
15, 49 pre: 14, 49
1, 12 pre: 1, 13
3, 12 pre: 2, 12
2, 11 pre: 2, 12
16, 45 pre: 15, 45
15, 44 pre: 15, 45
12, 49 pre: 12, 48
17, 48 pre: 16, 48
16, 47 pre: 16, 48
13, 50 pre: 13, 49
17, 45 pre: 16, 45
14, 44 pre: 15, 44
15, 43 pre: 15, 44
17, 47 pre: 17, 48
17, 49 pre: 17, 48
12, 50 pre: 13, 50
14, 50 pre: 13, 50
18, 45 pre: 17, 45
17, 44 pre: 17, 45
17, 46 pre: 17, 45
18, 49 pre: 17, 49
17, 50 pre: 17, 49
18, 46 pre: 18, 45
18, 44 pre: 17, 44
17, 43 pre: 17, 44
16, 46 pre: 17, 46
18, 48 pre: 18, 49
16, 50 pre: 17, 50
19, 44 pre: 18, 44
16, 43 pre: 17, 43
18, 43 pre: 17, 43
15, 50 pre: 16, 50
16, 49 pre: 16, 50
20, 44 pre: 19, 44
19, 45 pre: 19, 44
16, 44 pre: 16, 43
19, 43 pre: 18, 43
18, 42 pre: 18, 43
21, 44 pre: 20, 44
20, 45 pre: 20, 44
19, 46 pre: 19, 45
20, 43 pre: 19, 43
19, 42 pre: 18, 42
18, 41 pre: 18, 42
20, 46 pre: 20, 45
20, 42 pre: 20, 43
20, 47 pre: 20, 46
21, 42 pre: 20, 42
19, 47 pre: 20, 47
21, 43 pre: 21, 42
18, 47 pre: 19, 47
19, 48 pre: 19, 47
22, 43 pre: 21, 43
20, 48 pre: 19, 48
19, 49 pre: 19, 48
22, 42 pre: 22, 43
22, 44 pre: 22, 43
19, 50 pre: 19, 49
23, 42 pre: 22, 42
22, 41 pre: 22, 42
23, 44 pre: 22, 44
18, 50 pre: 19, 50
21, 41 pre: 22, 41
23, 45 pre: 23, 44
20, 41 pre: 21, 41
21, 40 pre: 21, 41
22, 45 pre: 23, 45
24, 45 pre: 23, 45
19, 41 pre: 20, 41
20, 40 pre: 21, 40
22, 40 pre: 21, 40
21, 45 pre: 22, 45
22, 46 pre: 22, 45
25, 45 pre: 24, 45
24, 44 pre: 24, 45
24, 46 pre: 24, 45
21, 46 pre: 22, 46
23, 46 pre: 22, 46
25, 44 pre: 25, 45
24, 43 pre: 24, 44
21, 47 pre: 21, 46
25, 43 pre: 25, 44
23, 43 pre: 24, 43
24, 42 pre: 24, 43
22, 47 pre: 21, 47
21, 48 pre: 21, 47
25, 42 pre: 25, 43
24, 41 pre: 24, 42
23, 47 pre: 22, 47
22, 48 pre: 21, 48
23, 41 pre: 24, 41
25, 41 pre: 24, 41
24, 40 pre: 24, 41
24, 47 pre: 23, 47
23, 48 pre: 23, 47
23, 40 pre: 23, 41
25, 40 pre: 25, 41
25, 47 pre: 24, 47
24, 48 pre: 24, 47
23, 49 pre: 23, 48
25, 39 pre: 25, 40
25, 46 pre: 25, 47
25, 48 pre: 24, 48
24, 49 pre: 23, 49
23, 50 pre: 23, 49
22, 50 pre: 23, 50
24, 50 pre: 23, 50
21, 50 pre: 22, 50
22, 49 pre: 22, 50
25, 50 pre: 24, 50
21, 49 pre: 21, 50
25, 49 pre: 25, 50
20, 49 pre: 21, 49
20, 50 pre: 20, 49
bfs hoe geche
travell kora hoe geche
1, 1 pre: 1, 1
2, 1 pre: 1, 1
3, 1 pre: 2, 1
2, 2 pre: 2, 1
1, 2 pre: 2, 2
3, 2 pre: 2, 2
2, 3 pre: 2, 2
1, 3 pre: 1, 2
4, 2 pre: 3, 2
3, 3 pre: 2, 3
2, 4 pre: 2, 3
4, 3 pre: 4, 2
3, 4 pre: 3, 3
5, 3 pre: 4, 3
4, 4 pre: 3, 4
5, 2 pre: 5, 3
5, 4 pre: 5, 3
4, 5 pre: 4, 4
5, 1 pre: 5, 2
3, 5 pre: 4, 5
5, 5 pre: 4, 5
4, 6 pre: 4, 5
4, 1 pre: 5, 1
6, 5 pre: 5, 5
3, 6 pre: 4, 6
6, 4 pre: 6, 5
2, 6 pre: 3, 6
6, 3 pre: 6, 4
1, 6 pre: 2, 6
2, 5 pre: 2, 6
7, 3 pre: 6, 3
1, 7 pre: 1, 6
1, 5 pre: 2, 5
8, 3 pre: 7, 3
2, 7 pre: 1, 7
1, 8 pre: 1, 7
1, 4 pre: 1, 5
8, 2 pre: 8, 3
3, 7 pre: 2, 7
2, 8 pre: 2, 7
7, 2 pre: 8, 2
9, 2 pre: 8, 2
2, 9 pre: 2, 8
7, 1 pre: 7, 2
9, 1 pre: 9, 2
9, 3 pre: 9, 2
3, 9 pre: 2, 9
6, 1 pre: 7, 1
8, 1 pre: 7, 1
10, 1 pre: 9, 1
4, 9 pre: 3, 9
6, 2 pre: 6, 1
10, 2 pre: 10, 1
5, 9 pre: 4, 9
4, 8 pre: 4, 9
11, 2 pre: 10, 2
3, 8 pre: 4, 8
4, 7 pre: 4, 8
11, 1 pre: 11, 2
11, 3 pre: 11, 2
12, 1 pre: 11, 1
10, 3 pre: 11, 3
11, 4 pre: 11, 3
10, 4 pre: 11, 4
12, 4 pre: 11, 4
11, 5 pre: 11, 4
10, 5 pre: 10, 4
13, 4 pre: 12, 4
12, 5 pre: 12, 4
10, 6 pre: 10, 5
14, 4 pre: 13, 4
13, 3 pre: 13, 4
13, 5 pre: 13, 4
12, 6 pre: 12, 5
9, 6 pre: 10, 6
15, 4 pre: 14, 4
12, 3 pre: 13, 3
14, 3 pre: 13, 3
13, 2 pre: 13, 3
14, 5 pre: 13, 5
11, 6 pre: 12, 6
13, 6 pre: 12, 6
9, 5 pre: 9, 6
12, 2 pre: 12, 3
15, 3 pre: 14, 3
14, 2 pre: 14, 3
13, 1 pre: 13, 2
15, 5 pre: 14, 5
14, 6 pre: 13, 6
8, 5 pre: 9, 5
9, 4 pre: 9, 5
16, 3 pre: 15, 3
15, 2 pre: 15, 3
14, 1 pre: 14, 2
15, 6 pre: 14, 6
14, 7 pre: 14, 6
8, 4 pre: 8, 5
16, 2 pre: 16, 3
16, 4 pre: 16, 3
15, 1 pre: 15, 2
16, 6 pre: 15, 6
15, 7 pre: 15, 6
13, 7 pre: 14, 7
14, 8 pre: 14, 7
7, 4 pre: 8, 4
16, 1 pre: 16, 2
16, 5 pre: 16, 6
16, 7 pre: 15, 7
15, 8 pre: 15, 7
13, 8 pre: 13, 7
17, 1 pre: 16, 1
17, 7 pre: 16, 7
16, 8 pre: 15, 8
12, 8 pre: 13, 8
18, 1 pre: 17, 1
17, 2 pre: 17, 1
17, 6 pre: 17, 7
17, 8 pre: 16, 8
16, 9 pre: 16, 8
12, 7 pre: 12, 8
12, 9 pre: 12, 8
18, 2 pre: 18, 1
18, 6 pre: 17, 6
17, 5 pre: 17, 6
15, 9 pre: 16, 9
17, 9 pre: 16, 9
11, 9 pre: 12, 9
13, 9 pre: 12, 9
18, 5 pre: 17, 5
17, 4 pre: 17, 5
15, 10 pre: 15, 9
10, 9 pre: 11, 9
11, 8 pre: 11, 9
11, 10 pre: 11, 9
14, 9 pre: 13, 9
13, 10 pre: 13, 9
19, 5 pre: 18, 5
18, 4 pre: 18, 5
17, 3 pre: 17, 4
9, 9 pre: 10, 9
11, 7 pre: 11, 8
10, 10 pre: 11, 10
12, 10 pre: 13, 10
13, 11 pre: 13, 10
19, 6 pre: 19, 5
19, 4 pre: 18, 4
18, 3 pre: 17, 3
9, 8 pre: 9, 9
9, 10 pre: 9, 9
10, 11 pre: 10, 10
12, 11 pre: 12, 10
13, 12 pre: 13, 11
19, 7 pre: 19, 6
19, 3 pre: 18, 3
9, 7 pre: 9, 8
9, 11 pre: 9, 10
12, 12 pre: 13, 12
13, 13 pre: 13, 12
20, 7 pre: 19, 7
19, 8 pre: 19, 7
19, 2 pre: 19, 3
8, 7 pre: 9, 7
10, 7 pre: 9, 7
8, 11 pre: 9, 11
11, 12 pre: 12, 12
12, 13 pre: 13, 13
20, 6 pre: 20, 7
20, 8 pre: 20, 7
18, 8 pre: 19, 8
19, 1 pre: 19, 2
7, 7 pre: 8, 7
10, 8 pre: 10, 7
7, 11 pre: 8, 11
11, 11 pre: 11, 12
12, 14 pre: 12, 13
20, 5 pre: 20, 6
18, 7 pre: 18, 8
18, 9 pre: 18, 8
7, 6 pre: 7, 7
7, 8 pre: 7, 7
6, 11 pre: 7, 11
7, 10 pre: 7, 11
7, 12 pre: 7, 11
11, 14 pre: 12, 14
13, 14 pre: 12, 14
6, 6 pre: 7, 6
8, 6 pre: 7, 6
7, 5 pre: 7, 6
8, 8 pre: 7, 8
6, 10 pre: 7, 10
7, 9 pre: 7, 10
6, 12 pre: 7, 12
11, 13 pre: 11, 14
11, 15 pre: 11, 14
5, 6 pre: 6, 6
6, 7 pre: 6, 6
5, 10 pre: 6, 10
8, 9 pre: 7, 9
6, 8 pre: 6, 7
4, 10 pre: 5, 10
8, 10 pre: 8, 9
5, 8 pre: 6, 8
6, 9 pre: 6, 8
3, 10 pre: 4, 10
4, 11 pre: 4, 10
5, 7 pre: 5, 8
5, 11 pre: 4, 11
4, 12 pre: 4, 11
3, 12 pre: 4, 12
3, 13 pre: 3, 12
2, 13 pre: 3, 13
4, 13 pre: 3, 13
1, 13 pre: 2, 13
2, 12 pre: 2, 13
2, 14 pre: 2, 13
5, 13 pre: 4, 13
4, 14 pre: 4, 13
1, 12 pre: 1, 13
2, 11 pre: 2, 12
5, 12 pre: 5, 13
5, 14 pre: 5, 13
3, 14 pre: 4, 14
1, 11 pre: 1, 12
3, 11 pre: 2, 11
2, 10 pre: 2, 11
5, 15 pre: 5, 14
3, 15 pre: 3, 14
1, 10 pre: 1, 11
6, 15 pre: 5, 15
1, 9 pre: 1, 10
7, 15 pre: 6, 15
7, 14 pre: 7, 15
7, 16 pre: 7, 15
6, 14 pre: 7, 14
8, 14 pre: 7, 14
6, 16 pre: 7, 16
6, 13 pre: 6, 14
9, 14 pre: 8, 14
8, 13 pre: 8, 14
6, 17 pre: 6, 16
9, 15 pre: 9, 14
7, 13 pre: 8, 13
8, 12 pre: 8, 13
5, 17 pre: 6, 17
7, 17 pre: 6, 17
6, 18 pre: 6, 17
8, 15 pre: 9, 15
9, 12 pre: 8, 12
5, 16 pre: 5, 17
8, 17 pre: 7, 17
5, 18 pre: 6, 18
7, 18 pre: 6, 18
6, 19 pre: 6, 18
8, 16 pre: 8, 15
9, 13 pre: 9, 12
4, 16 pre: 5, 16
8, 18 pre: 7, 18
5, 19 pre: 6, 19
9, 16 pre: 8, 16
10, 13 pre: 9, 13
3, 16 pre: 4, 16
4, 15 pre: 4, 16
4, 17 pre: 4, 16
9, 18 pre: 8, 18
5, 20 pre: 5, 19
10, 12 pre: 10, 13
10, 14 pre: 10, 13
3, 17 pre: 3, 16
9, 19 pre: 9, 18
4, 20 pre: 5, 20
6, 20 pre: 5, 20
5, 21 pre: 5, 20
10, 15 pre: 10, 14
8, 19 pre: 9, 19
10, 19 pre: 9, 19
3, 20 pre: 4, 20
4, 21 pre: 5, 21
6, 21 pre: 5, 21
7, 19 pre: 8, 19
10, 18 pre: 10, 19
10, 20 pre: 10, 19
2, 20 pre: 3, 20
3, 19 pre: 3, 20
7, 21 pre: 6, 21
10, 17 pre: 10, 18
10, 21 pre: 10, 20
2, 21 pre: 2, 20
2, 19 pre: 3, 19
4, 19 pre: 3, 19
3, 18 pre: 3, 19
8, 21 pre: 7, 21
7, 20 pre: 7, 21
7, 22 pre: 7, 21
9, 17 pre: 10, 17
11, 17 pre: 10, 17
9, 21 pre: 10, 21
11, 21 pre: 10, 21
10, 22 pre: 10, 21
1, 21 pre: 2, 21
3, 21 pre: 2, 21
1, 19 pre: 2, 19
2, 18 pre: 2, 19
4, 18 pre: 4, 19
8, 20 pre: 7, 20
6, 22 pre: 7, 22
12, 17 pre: 11, 17
11, 16 pre: 11, 17
11, 18 pre: 11, 17
9, 20 pre: 9, 21
9, 22 pre: 9, 21
12, 21 pre: 11, 21
3, 22 pre: 3, 21
1, 18 pre: 1, 19
1, 20 pre: 1, 19
2, 17 pre: 2, 18
6, 23 pre: 6, 22
10, 16 pre: 11, 16
12, 16 pre: 11, 16
12, 18 pre: 11, 18
9, 23 pre: 9, 22
12, 20 pre: 12, 21
12, 22 pre: 12, 21
2, 22 pre: 3, 22
4, 22 pre: 3, 22
3, 23 pre: 3, 22
1, 17 pre: 1, 18
2, 16 pre: 2, 17
5, 23 pre: 6, 23
13, 16 pre: 12, 16
13, 18 pre: 12, 18
12, 19 pre: 12, 18
11, 20 pre: 12, 20
11, 22 pre: 12, 22
4, 23 pre: 4, 22
2, 23 pre: 3, 23
1, 16 pre: 1, 17
2, 15 pre: 2, 16
5, 22 pre: 5, 23
14, 16 pre: 13, 16
13, 17 pre: 13, 18
13, 19 pre: 13, 18
11, 19 pre: 11, 20
11, 23 pre: 11, 22
2, 24 pre: 2, 23
1, 15 pre: 2, 15
15, 16 pre: 14, 16
14, 17 pre: 13, 17
13, 20 pre: 13, 19
11, 24 pre: 11, 23
1, 24 pre: 2, 24
3, 24 pre: 2, 24
1, 14 pre: 1, 15
15, 17 pre: 15, 16
14, 18 pre: 14, 17
13, 21 pre: 13, 20
10, 24 pre: 11, 24
12, 24 pre: 11, 24
11, 25 pre: 11, 24
1, 23 pre: 1, 24
1, 25 pre: 1, 24
15, 18 pre: 14, 18
14, 19 pre: 14, 18
13, 22 pre: 13, 21
9, 24 pre: 10, 24
10, 23 pre: 10, 24
13, 24 pre: 12, 24
12, 23 pre: 12, 24
12, 25 pre: 12, 24
11, 26 pre: 11, 25
1, 22 pre: 1, 23
2, 25 pre: 1, 25
1, 26 pre: 1, 25
16, 18 pre: 15, 18
15, 19 pre: 14, 19
14, 22 pre: 13, 22
8, 24 pre: 9, 24
14, 24 pre: 13, 24
13, 23 pre: 12, 23
12, 26 pre: 12, 25
10, 26 pre: 11, 26
2, 26 pre: 1, 26
17, 18 pre: 16, 18
16, 19 pre: 15, 19
15, 22 pre: 14, 22
14, 23 pre: 14, 22
8, 23 pre: 8, 24
8, 25 pre: 8, 24
14, 25 pre: 14, 24
2, 27 pre: 2, 26
17, 19 pre: 16, 19
16, 22 pre: 15, 22
15, 21 pre: 15, 22
8, 22 pre: 8, 23
7, 25 pre: 8, 25
13, 25 pre: 14, 25
14, 26 pre: 14, 25
17, 20 pre: 17, 19
16, 21 pre: 16, 22
16, 23 pre: 16, 22
14, 21 pre: 15, 21
7, 24 pre: 7, 25
7, 26 pre: 7, 25
13, 26 pre: 13, 25
14, 27 pre: 14, 26
17, 21 pre: 16, 21
16, 20 pre: 16, 21
15, 23 pre: 16, 23
17, 23 pre: 16, 23
6, 24 pre: 7, 24
7, 23 pre: 7, 24
6, 26 pre: 7, 26
7, 27 pre: 7, 26
13, 27 pre: 14, 27
14, 28 pre: 14, 27
18, 21 pre: 17, 21
15, 20 pre: 16, 20
15, 24 pre: 15, 23
18, 23 pre: 17, 23
17, 22 pre: 17, 23
17, 24 pre: 17, 23
5, 24 pre: 6, 24
5, 26 pre: 6, 26
6, 25 pre: 6, 26
6, 27 pre: 7, 27
8, 27 pre: 7, 27
12, 27 pre: 13, 27
14, 29 pre: 14, 28
19, 21 pre: 18, 21
18, 22 pre: 18, 21
14, 20 pre: 15, 20
16, 24 pre: 15, 24
19, 23 pre: 18, 23
4, 24 pre: 5, 24
5, 25 pre: 5, 24
4, 26 pre: 5, 26
5, 27 pre: 6, 27
6, 28 pre: 6, 27
9, 27 pre: 8, 27
8, 26 pre: 8, 27
11, 27 pre: 12, 27
20, 21 pre: 19, 21
19, 20 pre: 19, 21
19, 22 pre: 18, 22
16, 25 pre: 16, 24
20, 23 pre: 19, 23
19, 24 pre: 19, 23
4, 25 pre: 4, 26
5, 28 pre: 5, 27
6, 29 pre: 6, 28
10, 27 pre: 9, 27
9, 26 pre: 9, 27
19, 19 pre: 19, 20
20, 22 pre: 19, 22
17, 25 pre: 16, 25
16, 26 pre: 16, 25
21, 23 pre: 20, 23
20, 24 pre: 19, 24
3, 25 pre: 4, 25
5, 29 pre: 6, 29
6, 30 pre: 6, 29
9, 25 pre: 9, 26
18, 19 pre: 19, 19
20, 19 pre: 19, 19
19, 18 pre: 19, 19
18, 25 pre: 17, 25
17, 26 pre: 17, 25
15, 26 pre: 16, 26
16, 27 pre: 16, 26
22, 23 pre: 21, 23
21, 24 pre: 21, 23
3, 26 pre: 3, 25
5, 30 pre: 5, 29
7, 30 pre: 6, 30
10, 25 pre: 9, 25
18, 20 pre: 18, 19
20, 20 pre: 20, 19
18, 18 pre: 19, 18
20, 18 pre: 19, 18
19, 17 pre: 19, 18
19, 25 pre: 18, 25
18, 24 pre: 18, 25
18, 26 pre: 17, 26
17, 27 pre: 17, 26
15, 25 pre: 15, 26
15, 27 pre: 15, 26
23, 23 pre: 22, 23
22, 24 pre: 21, 24
21, 25 pre: 21, 24
3, 27 pre: 3, 26
5, 31 pre: 5, 30
7, 31 pre: 7, 30
21, 20 pre: 20, 20
19, 16 pre: 19, 17
19, 26 pre: 18, 26
18, 27 pre: 17, 27
24, 23 pre: 23, 23
23, 24 pre: 22, 24
22, 25 pre: 21, 25
21, 26 pre: 21, 25
3, 28 pre: 3, 27
5, 32 pre: 5, 31
6, 31 pre: 7, 31
8, 31 pre: 7, 31
7, 32 pre: 7, 31
22, 20 pre: 21, 20
21, 19 pre: 21, 20
21, 21 pre: 21, 20
18, 16 pre: 19, 16
20, 16 pre: 19, 16
19, 27 pre: 19, 26
25, 23 pre: 24, 23
24, 22 pre: 24, 23
23, 25 pre: 23, 24
20, 26 pre: 21, 26
21, 27 pre: 21, 26
2, 28 pre: 3, 28
3, 29 pre: 3, 28
4, 32 pre: 5, 32
6, 32 pre: 6, 31
8, 30 pre: 8, 31
8, 32 pre: 8, 31
22, 19 pre: 21, 19
21, 18 pre: 21, 19
22, 21 pre: 21, 21
21, 22 pre: 21, 21
18, 15 pre: 18, 16
18, 17 pre: 18, 16
21, 16 pre: 20, 16
20, 15 pre: 20, 16
20, 17 pre: 20, 16
25, 22 pre: 25, 23
24, 21 pre: 24, 22
23, 26 pre: 23, 25
20, 25 pre: 20, 26
20, 27 pre: 21, 27
22, 27 pre: 21, 27
21, 28 pre: 21, 27
1, 28 pre: 2, 28
2, 29 pre: 3, 29
4, 31 pre: 4, 32
9, 30 pre: 8, 30
9, 32 pre: 8, 32
22, 18 pre: 21, 18
22, 22 pre: 21, 22
17, 15 pre: 18, 15
19, 15 pre: 18, 15
18, 14 pre: 18, 15
17, 17 pre: 18, 17
21, 17 pre: 21, 16
25, 21 pre: 25, 22
23, 21 pre: 24, 21
24, 26 pre: 23, 26
23, 27 pre: 22, 27
22, 26 pre: 22, 27
1, 27 pre: 1, 28
1, 29 pre: 1, 28
2, 30 pre: 2, 29
4, 30 pre: 4, 31
10, 30 pre: 9, 30
9, 29 pre: 9, 30
9, 31 pre: 9, 30
23, 18 pre: 22, 18
23, 22 pre: 22, 22
16, 15 pre: 17, 15
17, 16 pre: 17, 15
17, 14 pre: 18, 14
19, 14 pre: 18, 14
18, 13 pre: 18, 14
16, 17 pre: 17, 17
23, 20 pre: 23, 21
25, 26 pre: 24, 26
23, 28 pre: 23, 27
1, 30 pre: 2, 30
2, 31 pre: 2, 30
3, 30 pre: 4, 30
4, 29 pre: 4, 30
11, 30 pre: 10, 30
10, 31 pre: 10, 30
8, 29 pre: 9, 29
9, 28 pre: 9, 29
24, 18 pre: 23, 18
23, 17 pre: 23, 18
16, 14 pre: 16, 15
19, 13 pre: 19, 14
18, 12 pre: 18, 13
16, 16 pre: 16, 17
24, 20 pre: 23, 20
25, 25 pre: 25, 26
23, 29 pre: 23, 28
1, 31 pre: 1, 30
2, 32 pre: 2, 31
3, 31 pre: 3, 30
4, 28 pre: 4, 29
12, 30 pre: 11, 30
11, 29 pre: 11, 30
10, 32 pre: 10, 31
8, 28 pre: 8, 29
25, 18 pre: 24, 18
22, 17 pre: 23, 17
15, 14 pre: 16, 14
16, 13 pre: 16, 14
20, 13 pre: 19, 13
19, 12 pre: 18, 12
18, 11 pre: 18, 12
25, 20 pre: 24, 20
24, 19 pre: 24, 20
24, 25 pre: 25, 25
24, 29 pre: 23, 29
3, 32 pre: 2, 32
2, 33 pre: 2, 32
4, 27 pre: 4, 28
13, 30 pre: 12, 30
12, 29 pre: 12, 30
10, 29 pre: 11, 29
11, 28 pre: 11, 29
11, 32 pre: 10, 32
7, 28 pre: 8, 28
25, 17 pre: 25, 18
25, 19 pre: 25, 18
22, 16 pre: 22, 17
14, 14 pre: 15, 14
15, 13 pre: 15, 14
16, 12 pre: 16, 13
20, 12 pre: 19, 12
19, 11 pre: 18, 11
23, 19 pre: 24, 19
24, 24 pre: 24, 25
25, 29 pre: 24, 29
1, 33 pre: 2, 33
13, 29 pre: 13, 30
13, 31 pre: 13, 30
10, 28 pre: 10, 29
12, 28 pre: 11, 28
12, 32 pre: 11, 32
7, 29 pre: 7, 28
23, 16 pre: 22, 16
22, 15 pre: 22, 16
14, 13 pre: 14, 14
14, 15 pre: 14, 14
15, 12 pre: 15, 13
17, 12 pre: 16, 12
16, 11 pre: 16, 12
20, 11 pre: 19, 11
25, 24 pre: 24, 24
25, 28 pre: 25, 29
25, 30 pre: 25, 29
1, 32 pre: 1, 33
12, 31 pre: 13, 31
14, 31 pre: 13, 31
13, 28 pre: 12, 28
24, 16 pre: 23, 16
14, 12 pre: 14, 13
13, 15 pre: 14, 15
15, 15 pre: 14, 15
15, 11 pre: 15, 12
17, 13 pre: 17, 12
16, 10 pre: 16, 11
24, 28 pre: 25, 28
24, 30 pre: 25, 30
11, 31 pre: 12, 31
15, 31 pre: 14, 31
14, 32 pre: 14, 31
24, 15 pre: 24, 16
24, 17 pre: 24, 16
14, 11 pre: 14, 12
12, 15 pre: 13, 15
24, 27 pre: 24, 28
23, 30 pre: 24, 30
24, 31 pre: 24, 30
16, 31 pre: 15, 31
13, 32 pre: 14, 32
14, 33 pre: 14, 32
25, 15 pre: 24, 15
14, 10 pre: 14, 11
25, 27 pre: 24, 27
25, 31 pre: 24, 31
16, 30 pre: 16, 31
16, 32 pre: 16, 31
25, 14 pre: 25, 15
25, 16 pre: 25, 15
25, 32 pre: 25, 31
16, 29 pre: 16, 30
15, 32 pre: 16, 32
24, 14 pre: 25, 14
25, 13 pre: 25, 14
24, 32 pre: 25, 32
25, 33 pre: 25, 32
15, 29 pre: 16, 29
16, 28 pre: 16, 29
15, 33 pre: 15, 32
23, 14 pre: 24, 14
24, 13 pre: 25, 13
23, 32 pre: 24, 32
25, 34 pre: 25, 33
15, 28 pre: 15, 29
15, 30 pre: 15, 29
17, 28 pre: 16, 28
16, 33 pre: 15, 33
15, 34 pre: 15, 33
23, 15 pre: 23, 14
24, 12 pre: 24, 13
22, 32 pre: 23, 32
23, 31 pre: 23, 32
24, 34 pre: 25, 34
25, 35 pre: 25, 34
14, 30 pre: 15, 30
18, 28 pre: 17, 28
17, 29 pre: 17, 28
15, 35 pre: 15, 34
25, 12 pre: 24, 12
24, 11 pre: 24, 12
22, 31 pre: 22, 32
23, 34 pre: 24, 34
16, 35 pre: 15, 35
15, 36 pre: 15, 35
23, 11 pre: 24, 11
25, 11 pre: 24, 11
22, 34 pre: 23, 34
17, 35 pre: 16, 35
14, 36 pre: 15, 36
15, 37 pre: 15, 36
22, 11 pre: 23, 11
23, 10 pre: 23, 11
25, 10 pre: 25, 11
21, 34 pre: 22, 34
22, 35 pre: 22, 34
17, 34 pre: 17, 35
17, 36 pre: 17, 35
14, 35 pre: 14, 36
14, 37 pre: 15, 37
15, 38 pre: 15, 37
21, 11 pre: 22, 11
22, 12 pre: 22, 11
22, 10 pre: 23, 10
24, 10 pre: 23, 10
25, 9 pre: 25, 10
20, 34 pre: 21, 34
21, 35 pre: 22, 35
16, 34 pre: 17, 34
18, 34 pre: 17, 34
17, 33 pre: 17, 34
16, 36 pre: 17, 36
18, 36 pre: 17, 36
17, 37 pre: 17, 36
14, 34 pre: 14, 35
14, 38 pre: 15, 38
15, 39 pre: 15, 38
21, 10 pre: 21, 11
21, 12 pre: 21, 11
23, 12 pre: 22, 12
22, 13 pre: 22, 12
24, 9 pre: 24, 10
25, 8 pre: 25, 9
20, 33 pre: 20, 34
20, 35 pre: 20, 34
21, 36 pre: 21, 35
19, 34 pre: 18, 34
18, 35 pre: 18, 34
18, 33 pre: 17, 33
16, 37 pre: 17, 37
18, 37 pre: 17, 37
13, 34 pre: 14, 34
14, 39 pre: 14, 38
20, 10 pre: 21, 10
21, 9 pre: 21, 10
21, 13 pre: 21, 12
23, 13 pre: 22, 13
22, 14 pre: 22, 13
19, 33 pre: 20, 33
21, 33 pre: 20, 33
19, 35 pre: 20, 35
20, 36 pre: 20, 35
13, 33 pre: 13, 34
20, 9 pre: 21, 9
22, 9 pre: 21, 9
21, 14 pre: 22, 14
22, 33 pre: 21, 33
21, 32 pre: 21, 33
19, 36 pre: 20, 36
20, 37 pre: 20, 36
12, 33 pre: 13, 33
19, 9 pre: 20, 9
22, 8 pre: 22, 9
20, 14 pre: 21, 14
21, 15 pre: 21, 14
23, 33 pre: 22, 33
20, 32 pre: 21, 32
21, 31 pre: 21, 32
19, 37 pre: 20, 37
21, 37 pre: 20, 37
20, 38 pre: 20, 37
11, 33 pre: 12, 33
19, 10 pre: 19, 9
21, 8 pre: 22, 8
23, 8 pre: 22, 8
24, 33 pre: 23, 33
20, 31 pre: 20, 32
19, 38 pre: 20, 38
21, 38 pre: 20, 38
10, 33 pre: 11, 33
18, 10 pre: 19, 10
23, 7 pre: 23, 8
23, 9 pre: 23, 8
20, 30 pre: 20, 31
19, 39 pre: 19, 38
22, 38 pre: 21, 38
21, 39 pre: 21, 38
9, 33 pre: 10, 33
17, 10 pre: 18, 10
22, 7 pre: 23, 7
24, 7 pre: 23, 7
19, 30 pre: 20, 30
21, 30 pre: 20, 30
23, 38 pre: 22, 38
22, 37 pre: 22, 38
20, 39 pre: 21, 39
22, 39 pre: 21, 39
9, 34 pre: 9, 33
17, 11 pre: 17, 10
21, 7 pre: 22, 7
22, 6 pre: 22, 7
25, 7 pre: 24, 7
24, 8 pre: 24, 7
18, 30 pre: 19, 30
19, 29 pre: 19, 30
19, 31 pre: 19, 30
21, 29 pre: 21, 30
23, 37 pre: 23, 38
22, 36 pre: 22, 37
23, 39 pre: 22, 39
22, 40 pre: 22, 39
10, 34 pre: 9, 34
21, 6 pre: 21, 7
23, 6 pre: 22, 6
18, 29 pre: 18, 30
18, 31 pre: 19, 31
20, 29 pre: 21, 29
22, 29 pre: 21, 29
24, 37 pre: 23, 37
23, 36 pre: 23, 37
21, 40 pre: 22, 40
11, 34 pre: 10, 34
10, 35 pre: 10, 34
24, 6 pre: 23, 6
18, 32 pre: 18, 31
20, 28 pre: 20, 29
22, 28 pre: 22, 29
22, 30 pre: 22, 29
25, 37 pre: 24, 37
24, 38 pre: 24, 37
24, 36 pre: 23, 36
20, 40 pre: 21, 40
12, 34 pre: 11, 34
11, 35 pre: 11, 34
25, 6 pre: 24, 6
24, 5 pre: 24, 6
17, 32 pre: 18, 32
19, 32 pre: 18, 32
19, 28 pre: 20, 28
25, 38 pre: 24, 38
24, 39 pre: 24, 38
25, 36 pre: 24, 36
24, 35 pre: 24, 36
11, 36 pre: 11, 35
25, 5 pre: 25, 6
23, 5 pre: 24, 5
17, 31 pre: 17, 32
25, 39 pre: 24, 39
24, 40 pre: 24, 39
23, 35 pre: 24, 35
10, 36 pre: 11, 36
12, 36 pre: 11, 36
22, 5 pre: 23, 5
23, 4 pre: 23, 5
17, 30 pre: 17, 31
25, 40 pre: 25, 39
24, 41 pre: 24, 40
13, 36 pre: 12, 36
12, 35 pre: 12, 36
12, 37 pre: 12, 36
21, 5 pre: 22, 5
24, 4 pre: 23, 4
23, 3 pre: 23, 4
23, 41 pre: 24, 41
25, 41 pre: 24, 41
24, 42 pre: 24, 41
13, 35 pre: 13, 36
11, 37 pre: 12, 37
13, 37 pre: 12, 37
12, 38 pre: 12, 37
25, 4 pre: 24, 4
22, 3 pre: 23, 3
24, 3 pre: 23, 3
23, 2 pre: 23, 3
22, 41 pre: 23, 41
23, 40 pre: 23, 41
25, 42 pre: 24, 42
13, 38 pre: 13, 37
11, 38 pre: 12, 38
25, 3 pre: 25, 4
22, 4 pre: 22, 3
22, 2 pre: 23, 2
24, 2 pre: 23, 2
22, 42 pre: 22, 41
21, 4 pre: 22, 4
25, 2 pre: 24, 2
24, 1 pre: 24, 2
21, 42 pre: 22, 42
23, 42 pre: 22, 42
20, 4 pre: 21, 4
21, 3 pre: 21, 4
25, 1 pre: 25, 2
23, 1 pre: 24, 1
20, 42 pre: 21, 42
23, 43 pre: 23, 42
20, 3 pre: 20, 4
21, 2 pre: 21, 3
19, 42 pre: 20, 42
20, 41 pre: 20, 42
22, 43 pre: 23, 43
21, 1 pre: 21, 2
21, 41 pre: 20, 41
22, 44 pre: 22, 43
20, 1 pre: 21, 1
22, 1 pre: 21, 1
23, 44 pre: 22, 44
22, 45 pre: 22, 44
20, 2 pre: 20, 1
24, 44 pre: 23, 44
21, 45 pre: 22, 45
22, 46 pre: 22, 45
25, 44 pre: 24, 44
24, 43 pre: 24, 44
20, 45 pre: 21, 45
21, 44 pre: 21, 45
23, 46 pre: 22, 46
25, 43 pre: 24, 43
20, 44 pre: 20, 45
23, 45 pre: 23, 46
23, 47 pre: 23, 46
19, 44 pre: 20, 44
24, 47 pre: 23, 47
23, 48 pre: 23, 47
19, 43 pre: 19, 44
19, 45 pre: 19, 44
25, 47 pre: 24, 47
24, 46 pre: 24, 47
22, 48 pre: 23, 48
20, 43 pre: 19, 43
18, 45 pre: 19, 45
19, 46 pre: 19, 45
25, 46 pre: 25, 47
25, 48 pre: 25, 47
24, 45 pre: 24, 46
21, 48 pre: 22, 48
22, 47 pre: 22, 48
21, 43 pre: 20, 43
17, 45 pre: 18, 45
18, 44 pre: 18, 45
20, 46 pre: 19, 46
19, 47 pre: 19, 46
24, 48 pre: 25, 48
25, 49 pre: 25, 48
25, 45 pre: 24, 45
16, 45 pre: 17, 45
17, 44 pre: 18, 44
18, 43 pre: 18, 44
21, 46 pre: 20, 46
24, 49 pre: 24, 48
25, 50 pre: 25, 49
16, 44 pre: 17, 44
17, 43 pre: 18, 43
18, 42 pre: 18, 43
21, 47 pre: 21, 46
23, 49 pre: 24, 49
24, 50 pre: 24, 49
15, 44 pre: 16, 44
16, 43 pre: 16, 44
17, 42 pre: 17, 43
22, 49 pre: 23, 49
23, 50 pre: 23, 49
14, 44 pre: 15, 44
15, 43 pre: 15, 44
15, 45 pre: 15, 44
17, 41 pre: 17, 42
21, 49 pre: 22, 49
22, 50 pre: 23, 50
13, 44 pre: 14, 44
14, 43 pre: 14, 44
15, 46 pre: 15, 45
18, 41 pre: 17, 41
17, 40 pre: 17, 41
20, 49 pre: 21, 49
21, 50 pre: 22, 50
12, 44 pre: 13, 44
13, 45 pre: 13, 44
13, 43 pre: 14, 43
15, 47 pre: 15, 46
18, 40 pre: 18, 41
16, 40 pre: 17, 40
17, 39 pre: 17, 40
20, 50 pre: 21, 50
14, 45 pre: 13, 45
12, 43 pre: 13, 43
19, 40 pre: 18, 40
18, 39 pre: 18, 40
16, 41 pre: 16, 40
16, 39 pre: 17, 39
19, 50 pre: 20, 50
19, 41 pre: 19, 40
15, 41 pre: 16, 41
16, 42 pre: 16, 41
16, 38 pre: 16, 39
18, 50 pre: 19, 50
14, 41 pre: 15, 41
15, 40 pre: 15, 41
15, 42 pre: 16, 42
17, 38 pre: 16, 38
17, 50 pre: 18, 50
13, 41 pre: 14, 41
14, 42 pre: 15, 42
18, 38 pre: 17, 38
16, 50 pre: 17, 50
17, 49 pre: 17, 50
12, 41 pre: 13, 41
13, 40 pre: 13, 41
18, 49 pre: 17, 49
17, 48 pre: 17, 49
12, 42 pre: 12, 41
12, 40 pre: 13, 40
14, 40 pre: 13, 40
13, 39 pre: 13, 40
19, 49 pre: 18, 49
17, 47 pre: 17, 48
13, 42 pre: 12, 42
12, 39 pre: 12, 40
16, 47 pre: 17, 47
18, 47 pre: 17, 47
16, 46 pre: 16, 47
16, 48 pre: 16, 47
18, 46 pre: 18, 47
18, 48 pre: 18, 47
17, 46 pre: 16, 46
16, 49 pre: 16, 48
19, 48 pre: 18, 48
15, 49 pre: 16, 49
20, 48 pre: 19, 48
15, 50 pre: 15, 49
20, 47 pre: 20, 48
14, 50 pre: 15, 50
14, 49 pre: 14, 50
13, 49 pre: 14, 49
12, 49 pre: 13, 49
13, 50 pre: 13, 49
11, 49 pre: 12, 49
12, 48 pre: 12, 49
12, 50 pre: 12, 49
10, 49 pre: 11, 49
11, 50 pre: 11, 49
12, 47 pre: 12, 48
10, 50 pre: 11, 50
11, 47 pre: 12, 47
12, 46 pre: 12, 47
9, 50 pre: 10, 50
10, 47 pre: 11, 47
13, 46 pre: 12, 46
8, 50 pre: 9, 50
9, 49 pre: 9, 50
9, 47 pre: 10, 47
10, 46 pre: 10, 47
14, 46 pre: 13, 46
13, 47 pre: 13, 46
7, 50 pre: 8, 50
8, 49 pre: 8, 50
9, 48 pre: 9, 49
9, 46 pre: 9, 47
11, 46 pre: 10, 46
14, 47 pre: 13, 47
13, 48 pre: 13, 47
6, 50 pre: 7, 50
7, 49 pre: 7, 50
10, 48 pre: 9, 48
11, 45 pre: 11, 46
14, 48 pre: 13, 48
6, 49 pre: 7, 49
7, 48 pre: 7, 49
11, 48 pre: 10, 48
10, 45 pre: 11, 45
12, 45 pre: 11, 45
11, 44 pre: 11, 45
15, 48 pre: 14, 48
6, 48 pre: 7, 48
8, 48 pre: 7, 48
9, 45 pre: 10, 45
10, 44 pre: 11, 44
11, 43 pre: 11, 44
5, 48 pre: 6, 48
6, 47 pre: 6, 48
8, 45 pre: 9, 45
9, 44 pre: 9, 45
11, 42 pre: 11, 43
5, 49 pre: 5, 48
5, 47 pre: 6, 47
6, 46 pre: 6, 47
8, 46 pre: 8, 45
8, 44 pre: 9, 44
10, 42 pre: 11, 42
11, 41 pre: 11, 42
4, 49 pre: 5, 49
5, 46 pre: 6, 46
6, 45 pre: 6, 46
8, 47 pre: 8, 46
8, 43 pre: 8, 44
10, 41 pre: 10, 42
10, 43 pre: 10, 42
11, 40 pre: 11, 41
3, 49 pre: 4, 49
4, 50 pre: 4, 49
4, 46 pre: 5, 46
5, 45 pre: 6, 45
7, 45 pre: 6, 45
9, 43 pre: 8, 43
9, 41 pre: 10, 41
10, 40 pre: 10, 41
11, 39 pre: 11, 40
3, 48 pre: 3, 49
3, 50 pre: 4, 50
5, 50 pre: 4, 50
3, 46 pre: 4, 46
4, 45 pre: 5, 45
7, 44 pre: 7, 45
7, 46 pre: 7, 45
9, 42 pre: 9, 43
8, 41 pre: 9, 41
10, 39 pre: 10, 40
2, 48 pre: 3, 48
2, 46 pre: 3, 46
3, 47 pre: 3, 46
3, 45 pre: 4, 45
4, 44 pre: 4, 45
6, 44 pre: 7, 44
7, 47 pre: 7, 46
8, 42 pre: 9, 42
9, 39 pre: 10, 39
1, 48 pre: 2, 48
1, 46 pre: 2, 46
2, 47 pre: 3, 47
4, 47 pre: 3, 47
2, 45 pre: 3, 45
3, 44 pre: 4, 44
4, 43 pre: 4, 44
9, 38 pre: 9, 39
9, 40 pre: 9, 39
1, 47 pre: 1, 48
1, 49 pre: 1, 48
4, 48 pre: 4, 47
2, 44 pre: 2, 45
3, 43 pre: 4, 43
5, 43 pre: 4, 43
4, 42 pre: 4, 43
8, 38 pre: 9, 38
9, 37 pre: 9, 38
2, 49 pre: 1, 49
2, 43 pre: 2, 44
3, 42 pre: 3, 43
6, 43 pre: 5, 43
5, 42 pre: 5, 43
5, 44 pre: 5, 43
8, 37 pre: 8, 38
10, 37 pre: 9, 37
9, 36 pre: 9, 37
2, 50 pre: 2, 49
1, 43 pre: 2, 43
10, 38 pre: 10, 37
8, 36 pre: 9, 36
9, 35 pre: 9, 36
1, 50 pre: 2, 50
1, 42 pre: 1, 43
1, 44 pre: 1, 43
7, 36 pre: 8, 36
8, 35 pre: 9, 35
2, 42 pre: 1, 42
1, 45 pre: 1, 44
6, 36 pre: 7, 36
7, 35 pre: 7, 36
8, 34 pre: 8, 35
5, 36 pre: 6, 36
7, 34 pre: 7, 35
5, 37 pre: 5, 36
4, 37 pre: 5, 37
6, 37 pre: 5, 37
4, 38 pre: 4, 37
7, 37 pre: 6, 37
6, 38 pre: 6, 37
3, 38 pre: 4, 38
5, 38 pre: 4, 38
4, 39 pre: 4, 38
7, 38 pre: 6, 38
6, 39 pre: 6, 38
3, 37 pre: 3, 38
4, 40 pre: 4, 39
7, 39 pre: 7, 38
5, 39 pre: 6, 39
3, 36 pre: 3, 37
3, 40 pre: 4, 40
5, 40 pre: 4, 40
4, 41 pre: 4, 40
8, 39 pre: 7, 39
7, 40 pre: 7, 39
2, 36 pre: 3, 36
4, 36 pre: 3, 36
2, 40 pre: 3, 40
3, 41 pre: 3, 40
6, 40 pre: 5, 40
5, 41 pre: 4, 41
8, 40 pre: 7, 40
7, 41 pre: 7, 40
4, 35 pre: 4, 36
2, 39 pre: 2, 40
2, 41 pre: 2, 40
6, 41 pre: 6, 40
5, 35 pre: 4, 35
4, 34 pre: 4, 35
1, 39 pre: 2, 39
3, 39 pre: 2, 39
1, 41 pre: 2, 41
6, 42 pre: 6, 41
6, 35 pre: 5, 35
5, 34 pre: 4, 34
4, 33 pre: 4, 34
1, 38 pre: 1, 39
1, 40 pre: 1, 41
7, 42 pre: 6, 42
6, 34 pre: 6, 35
3, 33 pre: 4, 33
2, 38 pre: 1, 38
7, 43 pre: 7, 42
6, 33 pre: 6, 34
3, 34 pre: 3, 33
2, 37 pre: 2, 38
5, 33 pre: 6, 33
7, 33 pre: 6, 33
3, 35 pre: 3, 34
1, 37 pre: 2, 37
8, 33 pre: 7, 33
1, 36 pre: 1, 37
1, 35 pre: 1, 36
2, 35 pre: 1, 35
1, 34 pre: 1, 35
2, 34 pre: 2, 35
bfs hoe geche
travell kora hoe geche
1, 1 pre: 1, 1
2, 1 pre: 1, 1
2, 2 pre: 2, 1
1, 2 pre: 2, 2
3, 2 pre: 2, 2
2, 3 pre: 2, 2
4, 2 pre: 3, 2
3, 1 pre: 3, 2
4, 1 pre: 3, 1
5, 1 pre: 4, 1
5, 2 pre: 5, 1
5, 3 pre: 5, 2
4, 3 pre: 5, 3
6, 3 pre: 5, 3
7, 3 pre: 6, 3
6, 2 pre: 6, 3
7, 4 pre: 7, 3
7, 2 pre: 6, 2
6, 4 pre: 7, 4
8, 4 pre: 7, 4
7, 5 pre: 7, 4
8, 2 pre: 7, 2
7, 1 pre: 7, 2
5, 4 pre: 6, 4
6, 5 pre: 6, 4
9, 4 pre: 8, 4
9, 2 pre: 8, 2
6, 1 pre: 7, 1
4, 4 pre: 5, 4
5, 5 pre: 6, 5
9, 3 pre: 9, 4
9, 5 pre: 9, 4
9, 1 pre: 9, 2
3, 4 pre: 4, 4
4, 5 pre: 4, 4
5, 6 pre: 5, 5
8, 3 pre: 9, 3
10, 3 pre: 9, 3
8, 5 pre: 9, 5
8, 1 pre: 9, 1
3, 3 pre: 3, 4
3, 5 pre: 3, 4
4, 6 pre: 4, 5
6, 6 pre: 5, 6
11, 3 pre: 10, 3
2, 5 pre: 3, 5
4, 7 pre: 4, 6
7, 6 pre: 6, 6
12, 3 pre: 11, 3
2, 4 pre: 2, 5
5, 7 pre: 4, 7
8, 6 pre: 7, 6
7, 7 pre: 7, 6
12, 2 pre: 12, 3
12, 4 pre: 12, 3
8, 7 pre: 8, 6
6, 7 pre: 7, 7
12, 1 pre: 12, 2
13, 4 pre: 12, 4
9, 7 pre: 8, 7
6, 8 pre: 6, 7
11, 1 pre: 12, 1
13, 5 pre: 13, 4
9, 6 pre: 9, 7
9, 8 pre: 9, 7
5, 8 pre: 6, 8
10, 1 pre: 11, 1
11, 2 pre: 11, 1
12, 5 pre: 13, 5
10, 6 pre: 9, 6
8, 8 pre: 9, 8
10, 8 pre: 9, 8
10, 2 pre: 10, 1
12, 6 pre: 12, 5
10, 5 pre: 10, 6
7, 8 pre: 8, 8
10, 7 pre: 10, 8
10, 9 pre: 10, 8
11, 6 pre: 12, 6
13, 6 pre: 12, 6
10, 4 pre: 10, 5
11, 9 pre: 10, 9
11, 7 pre: 11, 6
14, 6 pre: 13, 6
11, 4 pre: 10, 4
12, 9 pre: 11, 9
15, 6 pre: 14, 6
14, 5 pre: 14, 6
11, 5 pre: 11, 4
15, 7 pre: 15, 6
14, 7 pre: 15, 7
16, 7 pre: 15, 7
13, 7 pre: 14, 7
17, 7 pre: 16, 7
16, 8 pre: 16, 7
12, 7 pre: 13, 7
13, 8 pre: 13, 7
17, 6 pre: 17, 7
17, 8 pre: 17, 7
15, 8 pre: 16, 8
12, 8 pre: 13, 8
16, 6 pre: 17, 6
18, 8 pre: 17, 8
14, 8 pre: 15, 8
11, 8 pre: 12, 8
16, 5 pre: 16, 6
18, 7 pre: 18, 8
14, 9 pre: 14, 8
15, 5 pre: 16, 5
17, 5 pre: 16, 5
18, 6 pre: 18, 7
13, 9 pre: 14, 9
15, 9 pre: 14, 9
14, 10 pre: 14, 9
17, 4 pre: 17, 5
19, 6 pre: 18, 6
13, 10 pre: 14, 10
15, 10 pre: 14, 10
16, 4 pre: 17, 4
18, 4 pre: 17, 4
17, 3 pre: 17, 4
19, 5 pre: 19, 6
13, 11 pre: 13, 10
16, 10 pre: 15, 10
15, 11 pre: 15, 10
19, 4 pre: 18, 4
18, 5 pre: 18, 4
16, 3 pre: 17, 3
17, 2 pre: 17, 3
12, 11 pre: 13, 11
14, 11 pre: 13, 11
13, 12 pre: 13, 11
17, 10 pre: 16, 10
16, 9 pre: 16, 10
15, 3 pre: 16, 3
16, 2 pre: 17, 2
18, 2 pre: 17, 2
11, 11 pre: 12, 11
14, 12 pre: 13, 12
13, 13 pre: 13, 12
18, 10 pre: 17, 10
17, 9 pre: 17, 10
14, 3 pre: 15, 3
15, 2 pre: 16, 2
16, 1 pre: 16, 2
18, 1 pre: 18, 2
11, 10 pre: 11, 11
15, 12 pre: 14, 12
14, 13 pre: 14, 12
12, 13 pre: 13, 13
19, 10 pre: 18, 10
18, 11 pre: 18, 10
13, 3 pre: 14, 3
14, 4 pre: 14, 3
14, 2 pre: 15, 2
15, 1 pre: 16, 1
17, 1 pre: 16, 1
19, 1 pre: 18, 1
10, 10 pre: 11, 10
12, 10 pre: 11, 10
16, 12 pre: 15, 12
12, 14 pre: 12, 13
19, 9 pre: 19, 10
19, 11 pre: 19, 10
13, 2 pre: 13, 3
15, 4 pre: 14, 4
14, 1 pre: 14, 2
20, 1 pre: 19, 1
19, 2 pre: 19, 1
9, 10 pre: 10, 10
10, 11 pre: 10, 10
17, 12 pre: 16, 12
16, 13 pre: 16, 12
13, 14 pre: 12, 14
18, 9 pre: 19, 9
20, 9 pre: 19, 9
19, 8 pre: 19, 9
20, 11 pre: 19, 11
13, 1 pre: 14, 1
19, 3 pre: 19, 2
9, 11 pre: 10, 11
17, 11 pre: 17, 12
17, 13 pre: 17, 12
16, 14 pre: 16, 13
14, 14 pre: 13, 14
21, 9 pre: 20, 9
20, 8 pre: 19, 8
19, 7 pre: 19, 8
21, 11 pre: 20, 11
20, 10 pre: 20, 11
20, 12 pre: 20, 11
18, 3 pre: 19, 3
16, 11 pre: 17, 11
17, 14 pre: 17, 13
15, 14 pre: 16, 14
14, 15 pre: 14, 14
21, 10 pre: 21, 9
21, 8 pre: 20, 8
19, 12 pre: 20, 12
15, 13 pre: 15, 14
15, 15 pre: 14, 15
14, 16 pre: 14, 15
22, 8 pre: 21, 8
21, 7 pre: 21, 8
19, 13 pre: 19, 12
16, 15 pre: 15, 15
15, 16 pre: 15, 15
13, 16 pre: 14, 16
14, 17 pre: 14, 16
22, 7 pre: 22, 8
20, 7 pre: 21, 7
17, 15 pre: 16, 15
16, 16 pre: 16, 15
12, 16 pre: 13, 16
13, 15 pre: 13, 16
13, 17 pre: 13, 16
14, 18 pre: 14, 17
23, 7 pre: 22, 7
22, 6 pre: 22, 7
16, 17 pre: 16, 16
12, 15 pre: 13, 15
12, 17 pre: 13, 17
13, 18 pre: 13, 17
24, 7 pre: 23, 7
23, 6 pre: 23, 7
23, 8 pre: 23, 7
16, 18 pre: 16, 17
11, 15 pre: 12, 15
13, 19 pre: 13, 18
23, 5 pre: 23, 6
17, 18 pre: 16, 18
16, 19 pre: 16, 18
10, 15 pre: 11, 15
11, 14 pre: 11, 15
13, 20 pre: 13, 19
24, 5 pre: 23, 5
18, 18 pre: 17, 18
17, 17 pre: 17, 18
15, 19 pre: 16, 19
17, 19 pre: 16, 19
11, 13 pre: 11, 14
24, 4 pre: 24, 5
24, 6 pre: 24, 5
19, 18 pre: 18, 18
17, 16 pre: 17, 17
14, 19 pre: 15, 19
15, 18 pre: 15, 19
10, 13 pre: 11, 13
25, 4 pre: 24, 4
24, 3 pre: 24, 4
25, 6 pre: 24, 6
19, 17 pre: 19, 18
14, 20 pre: 14, 19
15, 17 pre: 15, 18
9, 13 pre: 10, 13
10, 12 pre: 10, 13
25, 5 pre: 25, 4
25, 3 pre: 24, 3
24, 2 pre: 24, 3
18, 17 pre: 19, 17
14, 21 pre: 14, 20
8, 13 pre: 9, 13
9, 12 pre: 9, 13
9, 14 pre: 9, 13
11, 12 pre: 10, 12
23, 2 pre: 24, 2
25, 2 pre: 24, 2
18, 16 pre: 18, 17
8, 14 pre: 8, 13
10, 14 pre: 9, 14
12, 12 pre: 11, 12
22, 2 pre: 23, 2
23, 3 pre: 23, 2
25, 1 pre: 25, 2
18, 15 pre: 18, 16
8, 15 pre: 8, 14
21, 2 pre: 22, 2
22, 3 pre: 23, 3
23, 4 pre: 23, 3
18, 14 pre: 18, 15
7, 15 pre: 8, 15
9, 15 pre: 8, 15
21, 1 pre: 21, 2
21, 3 pre: 22, 3
22, 4 pre: 23, 4
19, 14 pre: 18, 14
18, 13 pre: 18, 14
7, 14 pre: 7, 15
7, 16 pre: 7, 15
22, 1 pre: 21, 1
20, 3 pre: 21, 3
21, 4 pre: 21, 3
22, 5 pre: 22, 4
19, 15 pre: 19, 14
18, 12 pre: 18, 13
6, 14 pre: 7, 14
7, 13 pre: 7, 14
8, 16 pre: 7, 16
7, 17 pre: 7, 16
23, 1 pre: 22, 1
20, 2 pre: 20, 3
20, 4 pre: 21, 4
21, 5 pre: 21, 4
20, 15 pre: 19, 15
6, 13 pre: 6, 14
7, 12 pre: 7, 13
8, 17 pre: 8, 16
6, 17 pre: 7, 17
24, 1 pre: 23, 1
20, 5 pre: 20, 4
21, 6 pre: 21, 5
20, 14 pre: 20, 15
20, 16 pre: 20, 15
6, 12 pre: 6, 13
9, 17 pre: 8, 17
8, 18 pre: 8, 17
6, 16 pre: 6, 17
6, 18 pre: 6, 17
20, 6 pre: 21, 6
19, 16 pre: 20, 16
21, 16 pre: 20, 16
9, 16 pre: 9, 17
5, 16 pre: 6, 16
6, 15 pre: 6, 16
7, 18 pre: 6, 18
6, 19 pre: 6, 18
22, 16 pre: 21, 16
21, 15 pre: 21, 16
10, 16 pre: 9, 16
5, 15 pre: 5, 16
5, 17 pre: 5, 16
7, 19 pre: 7, 18
6, 20 pre: 6, 19
23, 16 pre: 22, 16
22, 15 pre: 21, 15
11, 16 pre: 10, 16
10, 17 pre: 10, 16
5, 14 pre: 5, 15
5, 20 pre: 6, 20
23, 15 pre: 23, 16
23, 17 pre: 23, 16
22, 14 pre: 22, 15
11, 17 pre: 11, 16
10, 18 pre: 10, 17
5, 13 pre: 5, 14
5, 19 pre: 5, 20
24, 17 pre: 23, 17
23, 18 pre: 23, 17
21, 14 pre: 22, 14
9, 18 pre: 10, 18
11, 18 pre: 10, 18
4, 13 pre: 5, 13
5, 12 pre: 5, 13
5, 18 pre: 5, 19
22, 18 pre: 23, 18
24, 18 pre: 23, 18
23, 19 pre: 23, 18
21, 13 pre: 21, 14
9, 19 pre: 9, 18
11, 19 pre: 11, 18
4, 14 pre: 4, 13
4, 12 pre: 5, 12
5, 11 pre: 5, 12
21, 18 pre: 22, 18
22, 17 pre: 22, 18
22, 19 pre: 22, 18
24, 19 pre: 24, 18
23, 20 pre: 23, 19
20, 13 pre: 21, 13
21, 12 pre: 21, 13
8, 19 pre: 9, 19
10, 19 pre: 11, 19
12, 19 pre: 11, 19
3, 14 pre: 4, 14
4, 15 pre: 4, 14
4, 11 pre: 4, 12
6, 11 pre: 5, 11
5, 10 pre: 5, 11
20, 18 pre: 21, 18
21, 17 pre: 21, 18
21, 19 pre: 22, 19
25, 19 pre: 24, 19
24, 20 pre: 24, 19
22, 20 pre: 23, 20
23, 21 pre: 23, 20
22, 12 pre: 21, 12
8, 20 pre: 8, 19
12, 18 pre: 12, 19
12, 20 pre: 12, 19
2, 14 pre: 3, 14
3, 13 pre: 3, 14
3, 15 pre: 3, 14
3, 11 pre: 4, 11
4, 10 pre: 4, 11
7, 11 pre: 6, 11
6, 10 pre: 5, 10
20, 17 pre: 20, 18
20, 19 pre: 21, 19
25, 18 pre: 25, 19
25, 20 pre: 24, 20
24, 21 pre: 24, 20
21, 20 pre: 22, 20
23, 12 pre: 22, 12
22, 13 pre: 22, 12
7, 20 pre: 8, 20
9, 20 pre: 8, 20
8, 21 pre: 8, 20
11, 20 pre: 12, 20
3, 16 pre: 3, 15
3, 10 pre: 3, 11
4, 9 pre: 4, 10
7, 10 pre: 6, 10
25, 21 pre: 24, 21
24, 22 pre: 24, 21
20, 20 pre: 21, 20
21, 21 pre: 21, 20
23, 11 pre: 23, 12
23, 13 pre: 23, 12
9, 21 pre: 9, 20
10, 20 pre: 11, 20
11, 21 pre: 11, 20
2, 16 pre: 3, 16
4, 16 pre: 3, 16
3, 17 pre: 3, 16
2, 10 pre: 3, 10
5, 9 pre: 4, 9
4, 8 pre: 4, 9
8, 10 pre: 7, 10
7, 9 pre: 7, 10
25, 22 pre: 25, 21
24, 23 pre: 24, 22
19, 20 pre: 20, 20
20, 21 pre: 20, 20
22, 11 pre: 23, 11
23, 14 pre: 23, 13
10, 21 pre: 9, 21
11, 22 pre: 11, 21
1, 16 pre: 2, 16
2, 15 pre: 2, 16
2, 17 pre: 2, 16
4, 17 pre: 4, 16
1, 10 pre: 2, 10
2, 9 pre: 2, 10
8, 11 pre: 8, 10
6, 9 pre: 7, 9
8, 9 pre: 7, 9
23, 23 pre: 24, 23
25, 23 pre: 24, 23
24, 24 pre: 24, 23
19, 19 pre: 19, 20
19, 21 pre: 19, 20
20, 22 pre: 20, 21
24, 14 pre: 23, 14
10, 22 pre: 10, 21
12, 22 pre: 11, 22
1, 17 pre: 2, 17
2, 18 pre: 2, 17
1, 11 pre: 1, 10
3, 9 pre: 2, 9
2, 8 pre: 2, 9
8, 12 pre: 8, 11
9, 9 pre: 8, 9
22, 23 pre: 23, 23
23, 22 pre: 23, 23
23, 24 pre: 23, 23
24, 25 pre: 24, 24
20, 23 pre: 20, 22
25, 14 pre: 24, 14
24, 13 pre: 24, 14
24, 15 pre: 24, 14
9, 22 pre: 10, 22
13, 22 pre: 12, 22
12, 21 pre: 12, 22
12, 23 pre: 12, 22
2, 19 pre: 2, 18
2, 11 pre: 1, 11
1, 12 pre: 1, 11
1, 8 pre: 2, 8
3, 8 pre: 2, 8
2, 7 pre: 2, 8
22, 22 pre: 23, 22
22, 24 pre: 23, 24
23, 25 pre: 23, 24
25, 25 pre: 24, 25
19, 23 pre: 20, 23
21, 23 pre: 20, 23
20, 24 pre: 20, 23
25, 15 pre: 25, 14
25, 13 pre: 24, 13
24, 12 pre: 24, 13
9, 23 pre: 9, 22
13, 21 pre: 12, 21
11, 23 pre: 12, 23
13, 23 pre: 12, 23
1, 19 pre: 2, 19
3, 19 pre: 2, 19
1, 13 pre: 1, 12
1, 9 pre: 1, 8
1, 7 pre: 2, 7
2, 6 pre: 2, 7
22, 21 pre: 22, 22
22, 25 pre: 22, 24
25, 24 pre: 25, 25
25, 26 pre: 25, 25
19, 22 pre: 19, 23
21, 22 pre: 21, 23
19, 24 pre: 20, 24
25, 16 pre: 25, 15
25, 12 pre: 25, 13
24, 11 pre: 24, 12
8, 23 pre: 9, 23
9, 24 pre: 9, 23
1, 18 pre: 1, 19
1, 20 pre: 1, 19
4, 19 pre: 3, 19
3, 18 pre: 3, 19
2, 13 pre: 1, 13
1, 14 pre: 1, 13
1, 6 pre: 2, 6
3, 6 pre: 2, 6
22, 26 pre: 22, 25
18, 24 pre: 19, 24
19, 25 pre: 19, 24
24, 16 pre: 25, 16
25, 17 pre: 25, 16
25, 11 pre: 25, 12
7, 23 pre: 8, 23
8, 22 pre: 8, 23
9, 25 pre: 9, 24
1, 21 pre: 1, 20
4, 18 pre: 4, 19
2, 12 pre: 2, 13
1, 15 pre: 1, 14
1, 5 pre: 1, 6
3, 7 pre: 3, 6
22, 27 pre: 22, 26
17, 24 pre: 18, 24
20, 25 pre: 19, 25
19, 26 pre: 19, 25
25, 10 pre: 25, 11
6, 23 pre: 7, 23
7, 22 pre: 7, 23
8, 25 pre: 9, 25
10, 25 pre: 9, 25
2, 21 pre: 1, 21
3, 12 pre: 2, 12
1, 4 pre: 1, 5
21, 27 pre: 22, 27
23, 27 pre: 22, 27
17, 23 pre: 17, 24
21, 25 pre: 20, 25
20, 26 pre: 20, 25
18, 26 pre: 19, 26
19, 27 pre: 19, 26
25, 9 pre: 25, 10
6, 24 pre: 6, 23
7, 21 pre: 7, 22
11, 25 pre: 10, 25
10, 24 pre: 10, 25
10, 26 pre: 10, 25
3, 21 pre: 2, 21
2, 20 pre: 2, 21
2, 22 pre: 2, 21
1, 3 pre: 1, 4
20, 27 pre: 21, 27
21, 28 pre: 21, 27
24, 27 pre: 23, 27
23, 26 pre: 23, 27
23, 28 pre: 23, 27
17, 22 pre: 17, 23
21, 24 pre: 21, 25
21, 26 pre: 20, 26
17, 26 pre: 18, 26
18, 25 pre: 18, 26
18, 27 pre: 19, 27
24, 9 pre: 25, 9
25, 8 pre: 25, 9
6, 21 pre: 7, 21
11, 24 pre: 11, 25
10, 23 pre: 10, 24
11, 26 pre: 10, 26
4, 21 pre: 3, 21
3, 20 pre: 2, 20
1, 22 pre: 2, 22
3, 22 pre: 2, 22
20, 28 pre: 21, 28
22, 28 pre: 21, 28
21, 29 pre: 21, 28
24, 28 pre: 24, 27
24, 26 pre: 23, 26
18, 22 pre: 17, 22
17, 21 pre: 17, 22
17, 25 pre: 17, 26
17, 27 pre: 18, 27
23, 9 pre: 24, 9
24, 8 pre: 25, 8
25, 7 pre: 25, 8
5, 21 pre: 6, 21
12, 24 pre: 11, 24
11, 27 pre: 11, 26
4, 20 pre: 3, 20
3, 23 pre: 3, 22
19, 28 pre: 20, 28
20, 29 pre: 20, 28
25, 28 pre: 24, 28
24, 29 pre: 24, 28
18, 21 pre: 18, 22
18, 23 pre: 18, 22
16, 21 pre: 17, 21
16, 25 pre: 17, 25
23, 10 pre: 23, 9
12, 25 pre: 12, 24
10, 27 pre: 11, 27
2, 23 pre: 3, 23
4, 23 pre: 3, 23
3, 24 pre: 3, 23
19, 29 pre: 19, 28
25, 27 pre: 25, 28
25, 29 pre: 24, 29
24, 30 pre: 24, 29
18, 20 pre: 18, 21
16, 20 pre: 16, 21
22, 10 pre: 23, 10
24, 10 pre: 23, 10
12, 26 pre: 12, 25
9, 27 pre: 10, 27
1, 23 pre: 2, 23
2, 24 pre: 2, 23
4, 22 pre: 4, 23
3, 25 pre: 3, 24
19, 30 pre: 19, 29
25, 30 pre: 25, 29
23, 30 pre: 24, 30
17, 20 pre: 18, 20
18, 19 pre: 18, 20
15, 20 pre: 16, 20
22, 9 pre: 22, 10
12, 27 pre: 12, 26
8, 27 pre: 9, 27
9, 26 pre: 9, 27
1, 24 pre: 2, 24
5, 22 pre: 4, 22
3, 26 pre: 3, 25
19, 31 pre: 19, 30
23, 29 pre: 23, 30
23, 31 pre: 23, 30
7, 27 pre: 8, 27
8, 26 pre: 8, 27
1, 25 pre: 1, 24
6, 22 pre: 5, 22
5, 23 pre: 5, 22
2, 26 pre: 3, 26
3, 27 pre: 3, 26
18, 31 pre: 19, 31
20, 31 pre: 19, 31
19, 32 pre: 19, 31
24, 31 pre: 23, 31
23, 32 pre: 23, 31
7, 26 pre: 7, 27
1, 26 pre: 1, 25
2, 25 pre: 2, 26
4, 27 pre: 3, 27
17, 31 pre: 18, 31
20, 30 pre: 20, 31
20, 32 pre: 20, 31
18, 32 pre: 19, 32
19, 33 pre: 19, 32
25, 31 pre: 24, 31
23, 33 pre: 23, 32
1, 27 pre: 1, 26
5, 27 pre: 4, 27
4, 28 pre: 4, 27
16, 31 pre: 17, 31
17, 30 pre: 17, 31
17, 32 pre: 17, 31
21, 30 pre: 20, 30
20, 33 pre: 20, 32
25, 32 pre: 25, 31
23, 34 pre: 23, 33
2, 27 pre: 1, 27
6, 27 pre: 5, 27
5, 28 pre: 4, 28
17, 29 pre: 17, 30
17, 33 pre: 17, 32
22, 30 pre: 21, 30
21, 31 pre: 21, 30
21, 33 pre: 20, 33
20, 34 pre: 20, 33
25, 33 pre: 25, 32
24, 34 pre: 23, 34
23, 35 pre: 23, 34
2, 28 pre: 2, 27
6, 26 pre: 6, 27
6, 28 pre: 6, 27
16, 29 pre: 17, 29
18, 29 pre: 17, 29
18, 33 pre: 17, 33
17, 34 pre: 17, 33
22, 29 pre: 22, 30
22, 31 pre: 21, 31
24, 33 pre: 25, 33
22, 35 pre: 23, 35
1, 28 pre: 2, 28
6, 25 pre: 6, 26
6, 29 pre: 6, 28
16, 30 pre: 16, 29
18, 30 pre: 18, 29
16, 34 pre: 17, 34
18, 34 pre: 17, 34
22, 32 pre: 22, 31
24, 32 pre: 24, 33
1, 29 pre: 1, 28
5, 25 pre: 6, 25
7, 25 pre: 6, 25
7, 29 pre: 6, 29
15, 30 pre: 16, 30
18, 35 pre: 18, 34
21, 32 pre: 22, 32
22, 33 pre: 22, 32
2, 29 pre: 1, 29
5, 24 pre: 5, 25
5, 26 pre: 5, 25
7, 24 pre: 7, 25
7, 28 pre: 7, 29
17, 35 pre: 18, 35
22, 34 pre: 22, 33
3, 29 pre: 2, 29
4, 26 pre: 5, 26
8, 24 pre: 7, 24
4, 29 pre: 3, 29
3, 28 pre: 3, 29
4, 25 pre: 4, 26
5, 29 pre: 4, 29
4, 24 pre: 4, 25
5, 30 pre: 5, 29
6, 30 pre: 5, 30
7, 30 pre: 6, 30
7, 31 pre: 7, 30
6, 31 pre: 7, 31
8, 31 pre: 7, 31
7, 32 pre: 7, 31
5, 31 pre: 6, 31
9, 31 pre: 8, 31
8, 32 pre: 7, 32
5, 32 pre: 5, 31
9, 30 pre: 9, 31
9, 32 pre: 9, 31
4, 32 pre: 5, 32
5, 33 pre: 5, 32
10, 30 pre: 9, 30
9, 29 pre: 9, 30
10, 32 pre: 9, 32
3, 32 pre: 4, 32
4, 31 pre: 4, 32
10, 29 pre: 10, 30
8, 29 pre: 9, 29
9, 28 pre: 9, 29
3, 31 pre: 3, 32
4, 30 pre: 4, 31
11, 29 pre: 10, 29
8, 30 pre: 8, 29
8, 28 pre: 9, 28
2, 31 pre: 3, 31
11, 28 pre: 11, 29
2, 30 pre: 2, 31
2, 32 pre: 2, 31
10, 28 pre: 11, 28
12, 28 pre: 11, 28
3, 30 pre: 2, 30
1, 32 pre: 2, 32
13, 28 pre: 12, 28
1, 31 pre: 1, 32
1, 33 pre: 1, 32
13, 27 pre: 13, 28
1, 30 pre: 1, 31
2, 33 pre: 1, 33
1, 34 pre: 1, 33
14, 27 pre: 13, 27
13, 26 pre: 13, 27
3, 33 pre: 2, 33
2, 34 pre: 1, 34
1, 35 pre: 1, 34
14, 26 pre: 14, 27
14, 28 pre: 14, 27
13, 25 pre: 13, 26
4, 33 pre: 3, 33
2, 35 pre: 2, 34
14, 25 pre: 14, 26
15, 28 pre: 14, 28
4, 34 pre: 4, 33
3, 35 pre: 2, 35
14, 24 pre: 14, 25
16, 28 pre: 15, 28
15, 29 pre: 15, 28
3, 34 pre: 4, 34
5, 34 pre: 4, 34
13, 24 pre: 14, 24
15, 24 pre: 14, 24
14, 23 pre: 14, 24
17, 28 pre: 16, 28
16, 27 pre: 16, 28
6, 34 pre: 5, 34
5, 35 pre: 5, 34
16, 24 pre: 15, 24
15, 23 pre: 14, 23
14, 22 pre: 14, 23
18, 28 pre: 17, 28
15, 27 pre: 16, 27
6, 35 pre: 5, 35
5, 36 pre: 5, 35
15, 22 pre: 14, 22
15, 26 pre: 15, 27
7, 35 pre: 6, 35
4, 36 pre: 5, 36
5, 37 pre: 5, 36
16, 22 pre: 15, 22
15, 21 pre: 15, 22
16, 26 pre: 15, 26
15, 25 pre: 15, 26
8, 35 pre: 7, 35
7, 34 pre: 7, 35
4, 35 pre: 4, 36
6, 37 pre: 5, 37
5, 38 pre: 5, 37
16, 23 pre: 16, 22
8, 34 pre: 8, 35
8, 36 pre: 8, 35
7, 33 pre: 7, 34
5, 39 pre: 5, 38
7, 36 pre: 8, 36
8, 37 pre: 8, 36
6, 33 pre: 7, 33
8, 33 pre: 7, 33
4, 39 pre: 5, 39
5, 40 pre: 5, 39
6, 36 pre: 7, 36
7, 37 pre: 7, 36
9, 37 pre: 8, 37
6, 32 pre: 6, 33
3, 39 pre: 4, 39
4, 40 pre: 4, 39
9, 36 pre: 9, 37
2, 39 pre: 3, 39
3, 38 pre: 3, 39
3, 40 pre: 3, 39
4, 41 pre: 4, 40
10, 36 pre: 9, 36
9, 35 pre: 9, 36
2, 40 pre: 2, 39
4, 38 pre: 3, 38
3, 37 pre: 3, 38
3, 41 pre: 3, 40
5, 41 pre: 4, 41
9, 34 pre: 9, 35
1, 40 pre: 2, 40
2, 41 pre: 2, 40
4, 37 pre: 4, 38
2, 37 pre: 3, 37
3, 36 pre: 3, 37
3, 42 pre: 3, 41
9, 33 pre: 9, 34
1, 41 pre: 2, 41
2, 36 pre: 2, 37
2, 38 pre: 2, 37
2, 42 pre: 3, 42
4, 42 pre: 3, 42
10, 33 pre: 9, 33
1, 36 pre: 2, 36
1, 38 pre: 2, 38
1, 42 pre: 2, 42
11, 33 pre: 10, 33
10, 34 pre: 10, 33
1, 37 pre: 1, 36
1, 39 pre: 1, 38
1, 43 pre: 1, 42
12, 33 pre: 11, 33
11, 32 pre: 11, 33
11, 34 pre: 11, 33
10, 35 pre: 10, 34
12, 34 pre: 12, 33
11, 35 pre: 11, 34
12, 35 pre: 12, 34
12, 36 pre: 12, 35
11, 36 pre: 12, 36
13, 36 pre: 12, 36
11, 37 pre: 11, 36
14, 36 pre: 13, 36
10, 37 pre: 11, 37
12, 37 pre: 11, 37
15, 36 pre: 14, 36
12, 38 pre: 12, 37
16, 36 pre: 15, 36
15, 35 pre: 15, 36
15, 37 pre: 15, 36
11, 38 pre: 12, 38
13, 38 pre: 12, 38
17, 36 pre: 16, 36
16, 37 pre: 16, 36
16, 35 pre: 15, 35
15, 34 pre: 15, 35
14, 37 pre: 15, 37
15, 38 pre: 15, 37
13, 37 pre: 13, 38
17, 37 pre: 16, 37
16, 38 pre: 16, 37
14, 34 pre: 15, 34
14, 38 pre: 14, 37
15, 39 pre: 15, 38
17, 38 pre: 17, 37
14, 33 pre: 14, 34
14, 35 pre: 14, 34
16, 39 pre: 15, 39
15, 40 pre: 15, 39
18, 38 pre: 17, 38
17, 39 pre: 17, 38
15, 33 pre: 14, 33
14, 32 pre: 14, 33
13, 35 pre: 14, 35
14, 40 pre: 15, 40
15, 41 pre: 15, 40
19, 38 pre: 18, 38
18, 39 pre: 18, 38
16, 33 pre: 15, 33
15, 32 pre: 14, 32
14, 31 pre: 14, 32
14, 39 pre: 14, 40
14, 41 pre: 14, 40
15, 42 pre: 15, 41
19, 37 pre: 19, 38
19, 39 pre: 19, 38
16, 32 pre: 16, 33
15, 31 pre: 15, 32
14, 30 pre: 14, 31
13, 39 pre: 14, 39
14, 42 pre: 14, 41
20, 37 pre: 19, 37
19, 40 pre: 19, 39
13, 30 pre: 14, 30
14, 29 pre: 14, 30
12, 39 pre: 13, 39
13, 40 pre: 13, 39
20, 36 pre: 20, 37
20, 38 pre: 20, 37
18, 40 pre: 19, 40
13, 31 pre: 13, 30
13, 29 pre: 14, 29
12, 40 pre: 12, 39
13, 41 pre: 13, 40
19, 36 pre: 20, 36
21, 36 pre: 20, 36
20, 39 pre: 20, 38
17, 40 pre: 18, 40
12, 31 pre: 13, 31
12, 29 pre: 13, 29
11, 40 pre: 12, 40
12, 41 pre: 13, 41
13, 42 pre: 13, 41
18, 36 pre: 19, 36
19, 35 pre: 19, 36
21, 37 pre: 21, 36
20, 40 pre: 20, 39
11, 31 pre: 12, 31
12, 30 pre: 12, 31
12, 32 pre: 12, 31
10, 40 pre: 11, 40
11, 39 pre: 11, 40
11, 41 pre: 12, 41
18, 37 pre: 18, 36
20, 35 pre: 19, 35
19, 34 pre: 19, 35
22, 37 pre: 21, 37
20, 41 pre: 20, 40
10, 31 pre: 11, 31
11, 30 pre: 12, 30
13, 32 pre: 12, 32
10, 39 pre: 10, 40
10, 41 pre: 10, 40
11, 42 pre: 11, 41
21, 35 pre: 20, 35
23, 37 pre: 22, 37
22, 36 pre: 22, 37
21, 41 pre: 20, 41
20, 42 pre: 20, 41
13, 33 pre: 13, 32
10, 38 pre: 10, 39
10, 42 pre: 10, 41
12, 42 pre: 11, 42
11, 43 pre: 11, 42
21, 34 pre: 21, 35
23, 36 pre: 22, 36
19, 42 pre: 20, 42
21, 42 pre: 20, 42
20, 43 pre: 20, 42
13, 34 pre: 13, 33
9, 38 pre: 10, 38
9, 42 pre: 10, 42
11, 44 pre: 11, 43
24, 36 pre: 23, 36
19, 41 pre: 19, 42
21, 43 pre: 21, 42
20, 44 pre: 20, 43
8, 38 pre: 9, 38
9, 39 pre: 9, 38
8, 42 pre: 9, 42
9, 41 pre: 9, 42
12, 44 pre: 11, 44
25, 36 pre: 24, 36
24, 35 pre: 24, 36
21, 44 pre: 21, 43
7, 38 pre: 8, 38
8, 39 pre: 9, 39
7, 42 pre: 8, 42
9, 40 pre: 9, 41
13, 44 pre: 12, 44
12, 45 pre: 12, 44
25, 35 pre: 25, 36
22, 44 pre: 21, 44
6, 38 pre: 7, 38
7, 39 pre: 8, 39
7, 41 pre: 7, 42
14, 44 pre: 13, 44
13, 45 pre: 12, 45
12, 46 pre: 12, 45
25, 34 pre: 25, 35
23, 44 pre: 22, 44
6, 41 pre: 7, 41
7, 40 pre: 7, 41
14, 43 pre: 14, 44
14, 45 pre: 13, 45
11, 46 pre: 12, 46
24, 44 pre: 23, 44
23, 43 pre: 23, 44
6, 42 pre: 6, 41
6, 40 pre: 7, 40
8, 40 pre: 7, 40
13, 43 pre: 14, 43
15, 43 pre: 14, 43
11, 45 pre: 11, 46
11, 47 pre: 11, 46
25, 44 pre: 24, 44
24, 43 pre: 24, 44
24, 45 pre: 24, 44
23, 42 pre: 23, 43
6, 39 pre: 6, 40
8, 41 pre: 8, 40
12, 43 pre: 13, 43
16, 43 pre: 15, 43
15, 44 pre: 15, 43
10, 45 pre: 11, 45
12, 47 pre: 11, 47
11, 48 pre: 11, 47
25, 43 pre: 24, 43
24, 42 pre: 24, 43
25, 45 pre: 24, 45
22, 42 pre: 23, 42
23, 41 pre: 23, 42
16, 42 pre: 16, 43
10, 44 pre: 10, 45
10, 46 pre: 10, 45
13, 47 pre: 12, 47
12, 48 pre: 12, 47
11, 49 pre: 11, 48
25, 46 pre: 25, 45
22, 43 pre: 22, 42
22, 41 pre: 23, 41
24, 41 pre: 23, 41
17, 42 pre: 16, 42
16, 41 pre: 16, 42
10, 43 pre: 10, 44
10, 47 pre: 10, 46
14, 47 pre: 13, 47
13, 46 pre: 13, 47
13, 48 pre: 12, 48
12, 49 pre: 11, 49
11, 50 pre: 11, 49
24, 46 pre: 25, 46
25, 47 pre: 25, 46
25, 41 pre: 24, 41
24, 40 pre: 24, 41
17, 41 pre: 17, 42
16, 40 pre: 16, 41
9, 47 pre: 10, 47
10, 48 pre: 10, 47
15, 47 pre: 14, 47
14, 46 pre: 14, 47
14, 48 pre: 13, 48
13, 49 pre: 13, 48
10, 50 pre: 11, 50
24, 47 pre: 25, 47
25, 48 pre: 25, 47
25, 40 pre: 25, 41
25, 42 pre: 25, 41
24, 39 pre: 24, 40
8, 47 pre: 9, 47
9, 48 pre: 10, 48
16, 47 pre: 15, 47
15, 46 pre: 14, 46
14, 49 pre: 13, 49
23, 47 pre: 24, 47
25, 39 pre: 25, 40
23, 39 pre: 24, 39
7, 47 pre: 8, 47
8, 46 pre: 8, 47
8, 48 pre: 8, 47
9, 49 pre: 9, 48
16, 46 pre: 15, 46
15, 45 pre: 15, 46
14, 50 pre: 14, 49
22, 47 pre: 23, 47
25, 38 pre: 25, 39
22, 39 pre: 23, 39
23, 40 pre: 23, 39
7, 46 pre: 7, 47
10, 49 pre: 9, 49
16, 45 pre: 16, 46
13, 50 pre: 14, 50
15, 50 pre: 14, 50
21, 47 pre: 22, 47
24, 38 pre: 25, 38
25, 37 pre: 25, 38
21, 39 pre: 22, 39
22, 40 pre: 23, 40
7, 45 pre: 7, 46
12, 50 pre: 13, 50
21, 46 pre: 21, 47
21, 48 pre: 21, 47
24, 37 pre: 24, 38
21, 38 pre: 21, 39
21, 40 pre: 21, 39
6, 45 pre: 7, 45
8, 45 pre: 7, 45
7, 44 pre: 7, 45
20, 46 pre: 21, 46
22, 48 pre: 21, 48
21, 49 pre: 21, 48
22, 38 pre: 21, 38
5, 45 pre: 6, 45
9, 45 pre: 8, 45
6, 44 pre: 7, 44
20, 45 pre: 20, 46
20, 47 pre: 20, 46
22, 49 pre: 21, 49
23, 38 pre: 22, 38
5, 46 pre: 5, 45
9, 44 pre: 9, 45
9, 46 pre: 9, 45
6, 43 pre: 6, 44
21, 45 pre: 20, 45
19, 47 pre: 20, 47
20, 48 pre: 20, 47
23, 49 pre: 22, 49
22, 50 pre: 22, 49
4, 46 pre: 5, 46
5, 47 pre: 5, 46
8, 44 pre: 9, 44
9, 43 pre: 9, 44
5, 43 pre: 6, 43
22, 45 pre: 21, 45
19, 46 pre: 19, 47
24, 49 pre: 23, 49
23, 48 pre: 23, 49
23, 50 pre: 23, 49
21, 50 pre: 22, 50
3, 46 pre: 4, 46
4, 45 pre: 4, 46
4, 47 pre: 5, 47
6, 47 pre: 5, 47
8, 43 pre: 9, 43
5, 42 pre: 5, 43
23, 45 pre: 22, 45
18, 46 pre: 19, 46
19, 45 pre: 19, 46
25, 49 pre: 24, 49
24, 48 pre: 24, 49
24, 50 pre: 23, 50
20, 50 pre: 21, 50
3, 45 pre: 3, 46
4, 44 pre: 4, 45
3, 47 pre: 4, 47
6, 46 pre: 6, 47
6, 48 pre: 6, 47
7, 43 pre: 8, 43
23, 46 pre: 23, 45
18, 45 pre: 18, 46
25, 50 pre: 25, 49
19, 50 pre: 20, 50
3, 44 pre: 4, 44
5, 44 pre: 4, 44
7, 48 pre: 6, 48
6, 49 pre: 6, 48
22, 46 pre: 23, 46
18, 44 pre: 18, 45
19, 49 pre: 19, 50
2, 44 pre: 3, 44
5, 49 pre: 6, 49
7, 49 pre: 6, 49
6, 50 pre: 6, 49
17, 44 pre: 18, 44
19, 44 pre: 18, 44
20, 49 pre: 19, 49
19, 48 pre: 19, 49
2, 43 pre: 2, 44
2, 45 pre: 2, 44
5, 48 pre: 5, 49
5, 50 pre: 5, 49
8, 49 pre: 7, 49
7, 50 pre: 7, 49
16, 44 pre: 17, 44
17, 43 pre: 17, 44
17, 45 pre: 17, 44
19, 43 pre: 19, 44
18, 48 pre: 19, 48
3, 43 pre: 2, 43
1, 45 pre: 2, 45
4, 48 pre: 5, 48
4, 50 pre: 5, 50
8, 50 pre: 8, 49
17, 46 pre: 17, 45
18, 43 pre: 19, 43
18, 49 pre: 18, 48
4, 43 pre: 3, 43
1, 44 pre: 1, 45
1, 46 pre: 1, 45
9, 50 pre: 8, 50
17, 47 pre: 17, 46
18, 42 pre: 18, 43
17, 49 pre: 18, 49
2, 46 pre: 1, 46
1, 47 pre: 1, 46
18, 47 pre: 17, 47
18, 41 pre: 18, 42
16, 49 pre: 17, 49
17, 48 pre: 17, 49
17, 50 pre: 17, 49
2, 47 pre: 2, 46
1, 48 pre: 1, 47
15, 49 pre: 16, 49
16, 48 pre: 16, 49
16, 50 pre: 17, 50
18, 50 pre: 17, 50
1, 49 pre: 1, 48
15, 48 pre: 15, 49
2, 49 pre: 1, 49
2, 48 pre: 2, 49
2, 50 pre: 2, 49
3, 48 pre: 2, 48
1, 50 pre: 2, 50
3, 50 pre: 2, 50
3, 49 pre: 3, 48
4, 49 pre: 3, 49
bfs hoe geche
